cell	Node 0	Node 1	Node 2	Node 3	Node 4	Node 5
0	1.70622e-11	0.0973483	0.298749	0.22443	0.37784	0.00163175
1	4.81687e-19	4.8298e-05	0.796519	4.25758e-05	0.203391	6.27592e-12
2	3.77557e-31	4.98839e-08	0.176628	7.93641e-07	0.823371	5.30445e-13
3	0.999125	0.000176023	0.000303442	0.000262993	0.000132429	1.5109e-13
4	3.63153e-22	5.68601e-05	0.238253	0.000882171	0.760808	7.07591e-14
5	0.998374	0.000131647	0.000153503	0.000303504	0.00103772	1.5264e-14
6	5.99638e-20	3.54874e-06	0.591911	2.42231e-05	0.408061	1.83295e-15
7	0.999532	1.70479e-05	0.000133583	0.000265187	5.24784e-05	1.39971e-18
8	6.86827e-13	1.73886e-05	0.0528549	0.000276395	0.946851	2.77804e-17
9	7.33285e-23	1.97239e-05	0.935524	0.000314105	0.0641424	1.3347e-19
10	0.997662	2.8038e-05	0.000710438	0.000447182	0.00115206	1.00427e-18
11	0.991694	0.00792228	0.000113732	0.000262109	7.73688e-06	3.46944e-10
12	0.99956	1.8919e-05	0.000151373	0.000262871	6.67645e-06	1.74921e-34
13	1.41091e-08	0.00938896	0.248922	0.00827658	0.733412	1.73381e-11
14	0.998492	0.000587929	0.000202927	0.000264425	0.000452449	3.66363e-11
15	0.000287282	0.00196305	0.449061	0.00868027	0.540009	6.26755e-13
16	1.82442e-37	0.283516	0.572526	0.127513	0.0164454	9.32576e-21
17	2.58876e-10	3.18929e-05	0.697979	1.4344e-05	0.301975	1.18355e-10
18	5.85964e-09	0.000171635	0.123466	7.7194e-05	0.87627	1.46119e-05
19	5.86755e-10	2.06676e-08	0.24845	3.04897e-07	0.75155	8.90414e-20
20	1.64854e-34	5.31196e-08	0.771079	6.15897e-07	0.22892	1.09358e-20
21	1.00636e-09	0.0243227	0.524042	0.37835	0.0732861	1.303e-20
22	0.999322	1.70907e-05	0.000302028	0.000263477	9.54017e-05	6.23926e-16
23	2.14914e-12	2.61205e-06	0.084128	1.155e-05	0.915858	8.92849e-17
24	2.0745e-23	0.000143667	0.0646053	0.00203495	0.925626	0.00759037
25	1.16745e-19	7.70521e-05	0.482088	0.000177639	0.517657	1.92033e-13
26	7.8008e-15	0.0295185	0.369885	0.0132761	0.587321	6.50008e-11
27	9.09664e-25	3.39902e-07	0.618325	5.38996e-06	0.381669	1.43579e-12
28	3.70766e-17	0.999832	4.41461e-05	9.96682e-05	2.37231e-05	6.5434e-09
29	1.13759e-25	1.52134e-07	0.505737	1.93956e-06	0.494261	6.60784e-17
30	9.56342e-27	5.89463e-09	0.18608	9.40433e-08	0.81392	1.15047e-14
31	2.58655e-24	0.00022458	0.58615	0.00331308	0.410312	1.62253e-18
32	5.80042e-17	2.63829e-07	0.464127	3.05897e-06	0.535869	1.46918e-17
33	4.84551e-33	1.2913e-06	0.199143	1.29372e-05	0.800843	3.29164e-16
34	1.19056e-35	1.62112e-07	0.596466	3.73739e-07	0.403533	4.66356e-18
35	1.43588e-46	1.10667e-08	0.040225	1.65346e-08	0.959775	2.28359e-21
36	1.88085e-24	9.18762e-05	0.410299	0.000137271	0.589472	8.71497e-29
37	2.51216e-14	1.08421e-05	0.486535	9.81884e-05	0.513356	7.6201e-10
38	2.38198e-32	0.00750986	0.816681	0.0112204	0.0103427	0.154246
39	1.38179e-27	2.00335e-07	0.307638	3.18116e-06	0.692359	1.57234e-22
40	1.00024e-22	2.77871e-06	0.091889	1.56158e-05	0.908093	1.54378e-18
41	5.20267e-27	3.22489e-08	0.382963	4.11143e-07	0.617037	1.97424e-16
42	1.12041e-29	7.44789e-16	0.763108	1.01108e-14	0.236892	2.99956e-32
43	6.62724e-22	4.67531e-09	0.479353	4.1214e-09	0.520647	1.99381e-14
44	3.01419e-23	2.54371e-06	0.516638	3.80052e-06	0.483355	2.84243e-29
45	5.24049e-07	0.00171083	0.255352	0.0218115	0.721125	2.4325e-12
46	1.44909e-19	0.999773	0.000112373	9.85873e-05	1.58184e-05	4.24804e-12
47	3.02639e-18	9.41491e-06	0.398005	4.16312e-05	0.601944	5.84037e-22
48	2.62637e-18	6.84482e-11	0.965577	1.57803e-10	0.034423	6.10782e-17
49	9.80248e-34	7.00928e-10	0.291883	1.09284e-08	0.708117	1.8373e-17
50	5.60322e-23	0.000974032	0.291684	0.00547386	0.203001	0.498867
51	8.5673e-26	4.92958e-11	0.42748	7.40184e-10	0.57252	1.08826e-21
52	5.4863e-26	4.91553e-07	0.328574	7.83518e-06	0.671417	6.06045e-21
53	2.05397e-33	0.000238952	0.913631	3.40635e-05	0.0860955	1.52987e-16
54	9.41096e-26	0.104825	0.0307329	0.047146	0.00218387	0.815112
55	4.05185e-15	3.77456e-07	0.733478	1.66905e-06	0.26652	2.38835e-16
56	6.55917e-14	0.0145296	0.719613	0.000181108	0.265409	0.000267474
57	6.05478e-31	1.63214e-06	0.361594	2.54995e-05	0.638379	3.39615e-18
58	7.30903e-14	3.73194e-06	0.926493	2.97977e-05	0.0734733	2.47838e-34
59	2.47764e-09	7.93041e-06	0.360412	9.69016e-05	0.639483	6.19345e-17
60	1.94074e-17	1.45131e-05	0.602363	8.15608e-05	0.397541	6.50889e-14
61	1.56175e-17	1.1002e-05	0.989024	9.69854e-06	0.010955	8.54494e-09
62	2.80412e-30	2.03297e-12	0.291279	3.03743e-12	0.708721	6.03594e-15
63	2.30838e-12	4.40444e-06	0.816462	5.8126e-05	0.183475	3.70669e-17
64	4.53975e-21	3.66705e-10	0.464736	3.98388e-09	0.535264	3.64621e-18
65	2.08013e-12	0.000259355	0.486066	0.000228627	0.513446	2.0979e-13
66	3.25433e-20	8.99135e-11	0.371625	5.05296e-10	0.628375	5.87549e-22
67	6.01733e-17	1.51839e-05	0.131597	3.50055e-05	0.868353	9.64004e-17
68	1.28066e-11	8.69389e-07	0.213244	1.23144e-05	0.786743	9.69713e-26
69	1.5063e-37	5.66126e-06	0.384939	8.75726e-05	0.614968	3.90637e-16
70	2.57551e-26	7.20601e-07	0.892321	8.35503e-06	0.10767	4.59229e-19
71	3.47537e-14	0.00318824	0.780154	0.0254565	0.191201	4.27596e-12
72	7.7922e-13	0.000132466	0.133657	0.00132714	0.864884	2.11674e-22
73	3.57275e-14	0.01577	0.152408	0.00580788	0.200192	0.625822
74	9.8773e-20	0.000103544	0.975456	9.12763e-05	0.0243489	5.69047e-37
75	0.998639	2.136e-05	0.000925105	0.000324886	8.97273e-05	5.31907e-13
76	7.83144e-41	3.25032e-05	0.657229	0.00042895	0.34231	7.06349e-21
77	1.70879e-22	2.339e-07	0.442655	3.51204e-06	0.557342	6.08805e-14
78	5.1443e-22	5.65103e-05	0.504924	0.00038573	0.494633	1.01836e-10
79	2.23647e-07	0.225105	0.246405	0.336325	0.192164	2.01601e-11
80	4.11284e-10	5.89187e-05	0.393451	0.000533582	0.605957	4.45368e-10
81	1.72943e-12	1.13843e-05	0.898971	0.000181549	0.100836	1.03813e-15
82	2.27682e-23	4.68118e-05	0.55018	0.000617782	0.449155	2.89893e-14
83	5.24641e-22	8.31533e-09	0.329768	8.33088e-08	0.670232	8.29448e-14
84	1.04699e-20	4.01963e-10	0.323311	6.40436e-09	0.676689	1.35037e-21
85	6.81723e-16	0.998572	0.000479085	0.000729449	0.000219	4.84553e-10
86	1.28744e-29	0.000355897	0.499338	0.00117321	0.499133	1.38107e-14
87	3.51736e-09	0.00693011	0.882975	0.0389458	0.0711491	4.94338e-11
88	3.53372e-05	0.247884	0.208588	0.218515	0.324977	6.96426e-08
89	1.47498e-23	2.43299e-07	0.42654	3.87899e-06	0.573456	3.08463e-20
90	3.10991e-17	8.49266e-06	0.0666341	5.79695e-05	0.933299	4.46135e-17
91	5.59741e-20	0.000618051	0.807591	0.00092342	0.190867	7.68537e-15
92	6.11588e-06	3.83178e-05	0.399792	5.725e-05	0.600106	4.5412e-14
93	1.1973e-18	7.66186e-08	0.0220797	6.7541e-08	0.97792	1.0653e-16
94	2.04931e-21	1.16657e-06	0.344115	5.24672e-07	0.655883	1.76204e-16
95	2.83453e-39	2.0027e-10	0.227968	3.15533e-09	0.772032	1.64808e-20
96	0.999562	1.65853e-05	0.000144295	0.000262891	1.4351e-05	1.50771e-17
97	0.998945	1.76467e-05	0.000139641	0.000275137	0.000622247	2.58775e-23
98	7.32038e-30	4.55166e-06	0.298416	7.12418e-05	0.701508	3.71377e-13
99	1.34296e-27	9.86212e-08	0.485764	1.14347e-06	0.514235	1.09146e-18
100	0.000650006	7.4405e-08	0.0451031	1.71536e-07	0.954247	9.03103e-17
101	8.36203e-20	4.16218e-10	0.40986	2.33906e-09	0.59014	1.31e-24
102	1.42508e-18	0.000297064	0.023034	0.00420772	0.972461	3.2042e-15
103	5.12452e-27	4.18704e-06	0.565823	5.5257e-05	0.434117	1.33362e-17
104	4.05649e-19	0.0102211	0.688649	0.0235641	0.277566	4.24929e-17
105	1.80591e-08	5.35692e-08	0.230021	8.52137e-07	0.769978	8.2041e-08
106	2.18544e-25	2.74486e-05	0.531664	0.000388793	0.46792	8.74565e-24
107	5.77036e-14	1.56381e-08	0.351406	6.91492e-08	0.648594	5.70399e-20
108	0.999334	1.82733e-05	0.000103139	0.000266552	0.000277582	4.29925e-14
109	1.49844e-17	4.5939e-06	0.569479	3.668e-05	0.430479	4.67714e-26
110	1.12818e-24	5.61184e-09	0.258457	1.29377e-08	0.741543	5.87359e-21
111	1.17357e-25	1.24174e-07	0.417959	5.49076e-07	0.582038	2.2975e-06
112	3.06306e-44	8.1409e-08	0.410847	3.59977e-07	0.589152	4.99693e-22
113	2.33827e-49	5.37351e-08	0.0366937	4.73687e-08	0.963306	1.79088e-22
114	7.97568e-40	2.91508e-06	0.149065	4.6275e-05	0.850886	6.2254e-15
115	1.40701e-28	7.85982e-06	0.224146	0.000124156	0.775722	5.39129e-18
116	1.08469e-27	2.07869e-05	0.555338	3.10573e-05	0.44461	4.32904e-13
117	0.999543	2.26714e-05	0.000147828	0.000262864	2.34171e-05	2.47678e-18
118	1.20426e-17	0.000243885	0.108314	0.00137058	0.890072	1.07872e-14
119	8.16549e-14	1.76623e-07	0.619435	7.94376e-08	0.380565	1.02101e-27
120	1.75918e-25	7.61033e-07	0.153799	1.09535e-05	0.846189	4.79395e-08
121	1.17791e-13	6.57307e-07	0.128193	1.01333e-05	0.871796	2.54106e-16
122	1.30689e-40	3.93214e-05	0.678087	1.76851e-05	0.321856	8.53009e-24
123	8.95053e-12	0.000454655	0.951665	0.00149876	0.0463814	3.38026e-14
124	8.97032e-21	7.77758e-07	0.131859	5.30885e-06	0.868135	1.73621e-18
125	4.92339e-26	8.31105e-08	0.342036	1.29581e-06	0.657963	8.08491e-17
126	1.48778e-19	0.000978963	0.569322	0.0113506	0.418349	2.66265e-14
127	1.4273e-15	0.000583698	0.0838954	0.0092595	0.906261	6.72417e-14
128	1.34822e-18	3.48889e-06	0.465435	4.60434e-05	0.534515	2.71058e-12
129	2.12183e-19	8.20191e-09	0.494088	1.22158e-07	0.505912	4.81828e-09
130	3.91e-16	2.30241e-05	0.998975	0.00031991	0.000681805	4.64463e-11
131	2.98106e-44	6.00391e-06	0.573817	2.7003e-06	0.426174	4.67431e-22
132	0.999204	2.06512e-05	0.000136529	0.000263283	0.000375669	4.40998e-08
133	2.1549e-23	0.00022588	0.544244	0.00357698	0.451954	1.08385e-15
134	3.41726e-19	3.23833e-05	0.586877	0.000181988	0.412908	3.00349e-17
135	0.999378	1.99372e-05	0.000103971	0.000263115	0.000235336	3.17742e-20
136	9.05059e-13	0.00327509	0.202767	0.0328121	0.761145	1.76222e-14
137	1.86925e-33	5.08124e-07	0.500789	5.89145e-06	0.499204	4.9492e-17
138	7.97959e-25	1.21618e-07	0.441357	1.9094e-06	0.558641	8.49532e-18
139	7.1438e-11	3.12306e-06	0.373124	3.1289e-05	0.626841	1.27232e-15
140	0.998955	3.3832e-05	0.00055808	0.000270131	0.00018295	1.40333e-13
141	1.23181e-17	0.0295678	0.716023	0.0132983	0.241111	7.14717e-24
142	5.99517e-18	9.40199e-07	0.246059	1.43005e-05	0.753926	7.53965e-15
143	3.59603e-29	3.44787e-07	0.261973	5.4779e-06	0.738021	2.92832e-14
144	7.87702e-22	0.000460574	0.385358	0.00106182	0.61312	5.18516e-12
145	2.2269e-17	0.00922253	0.0789135	0.0518287	0.860035	5.45362e-08
146	5.93297e-22	0.032942	0.579812	0.381947	0.00529895	1.57943e-10
147	7.4082e-21	4.04347e-08	0.252348	6.18184e-07	0.747651	1.80046e-16
148	0.999562	1.72886e-05	0.000103933	0.000262961	5.43112e-05	1.82606e-12
149	0.000262247	0.0118245	0.177152	0.0104236	0.800337	5.4825e-13
150	6.09267e-19	1.49612e-07	0.185951	2.03103e-06	0.814047	2.15515e-21
151	3.61497e-24	5.0802e-08	0.0493898	1.17121e-07	0.95061	1.34216e-42
152	3.11652e-14	2.34198e-07	0.0314995	3.25408e-06	0.968497	2.11963e-19
153	1.35574e-22	2.55836e-07	0.778072	2.56314e-06	0.221926	2.35608e-18
154	6.1376e-25	0.000130524	0.320533	0.00177191	0.677564	2.46293e-13
155	0.00125334	1.88725e-06	0.518387	6.22128e-06	0.480351	1.05381e-16
156	2.7612e-07	0.443218	0.0915997	0.19934	0.265842	3.37895e-08
157	1.39671e-16	3.51733e-09	0.315825	4.07818e-08	0.684175	1.11249e-18
158	0.998984	1.67563e-05	0.000160158	0.000263724	0.000575493	9.9647e-19
159	1.43809e-19	0.000294461	0.347404	0.000259574	0.652042	3.54354e-38
160	9.6027e-17	0.252696	0.328935	0.113652	0.304716	6.38673e-19
161	1.85063e-19	0.124272	0.285044	0.109548	0.481136	8.43343e-12
162	3.90575e-23	1.78161e-05	0.19779	0.000235122	0.801957	1.57478e-15
163	6.52268e-23	0.0071232	0.00253238	0.00320371	0.000181231	0.986959
164	4.31238e-33	1.59718e-05	0.752375	0.000203626	0.247405	2.30843e-20
165	4.34889e-17	6.7134e-07	0.153775	1.06364e-05	0.846214	1.82603e-10
166	1.43549e-24	0.998926	0.000214047	0.000729707	0.0001276	2.38807e-06
167	1.68643e-17	1.77284e-06	0.348692	1.92601e-05	0.651287	2.50183e-15
168	3.57239e-07	0.00179266	0.875255	0.00158027	0.121372	5.05093e-14
169	1.59639e-16	3.20817e-05	0.298887	0.000477819	0.700603	6.48663e-13
170	2.98027e-44	9.92376e-11	0.278275	6.7738e-10	0.721725	1.1294e-16
171	1.73132e-43	0.00079326	0.0172283	0.000356774	0.981622	1.02891e-15
172	1.23398e-23	1.31653e-06	0.558734	1.52645e-05	0.441249	1.01904e-15
173	1.06228e-19	0.000254687	0.208285	0.00405924	0.787401	1.70063e-15
174	1.90339e-13	0.0260094	0.362153	0.0116979	0.600139	1.04973e-16
175	1.9559e-16	1.89336e-06	0.358706	2.63075e-05	0.641266	1.63421e-21
176	6.46121e-22	6.53497e-09	0.476649	7.57699e-08	0.523351	6.65203e-22
177	1.84806e-11	0.00556006	0.150318	0.00830719	0.835814	1.08524e-06
178	1.05481e-17	1.00013e-07	0.189569	1.35771e-06	0.810429	6.30226e-16
179	4.13581e-21	7.07186e-08	0.156685	7.68285e-07	0.843314	4.1513e-20
180	7.26824e-29	3.19296e-10	0.48235	3.46883e-09	0.51765	1.03044e-19
181	3.08298e-19	3.30773e-05	0.973135	0.000487969	0.0263441	2.17513e-19
182	1.66737e-25	1.89211e-06	0.339632	2.98394e-05	0.660336	3.94119e-16
183	3.41917e-16	0.000317176	0.0509728	0.00502272	0.943687	2.4225e-24
184	1.16873e-30	1.94306e-06	0.071729	3.09926e-05	0.928238	9.09726e-14
185	1.24561e-22	0.00168394	0.604713	0.00251595	0.391087	9.08261e-13
186	2.66638e-22	0.000161611	0.0488583	0.00257602	0.948404	1.32032e-14
187	9.04681e-22	1.31184e-07	0.139495	2.08983e-06	0.860503	1.5539e-19
188	6.1772e-18	4.80763e-06	0.95317	5.57422e-05	0.0467699	5.27296e-18
189	1.86683e-13	6.04076e-07	0.431623	8.20054e-06	0.568368	4.83746e-16
190	3.35487e-15	5.29512e-07	0.901091	5.30502e-06	0.0989029	2.14276e-15
191	3.80082e-26	5.19418e-08	0.0568682	4.70398e-07	0.943131	2.7351e-14
192	5.41646e-16	0.029563	0.382469	0.469293	0.118676	1.16569e-31
193	3.53587e-14	6.04415e-06	0.378592	7.00791e-05	0.621332	2.8977e-11
194	4.73463e-25	1.09937e-05	0.459861	0.000158232	0.53997	7.17326e-16
195	0.999041	3.46993e-05	0.000382577	0.000534939	7.1716e-06	1.34946e-19
196	9.79069e-28	0.000420338	0.15604	0.000969063	0.842571	2.21801e-16
197	4.81458e-15	0.00028614	0.586033	0.000943257	0.412737	1.33487e-12
198	2.02106e-12	0.131199	3.40537e-05	1.30785e-05	0.000118163	0.868636
199	5.42528e-28	0.00900018	7.97365e-10	1.30759e-09	1.02771e-10	0.991
200	4.36919e-18	3.86391e-08	0.794043	5.9337e-07	0.205957	1.68106e-16
201	0.999585	2.15794e-05	0.000124315	0.000263679	5.89017e-06	4.5691e-20
202	3.00359e-22	1.39083e-05	0.564325	2.07801e-05	0.43564	5.59814e-16
203	0.999543	2.63592e-05	0.000135884	0.000264085	3.11487e-05	3.6413e-16
204	2.48068e-13	0.0234461	0.180588	0.131762	0.664203	8.12403e-15
205	7.83057e-13	1.27814e-06	0.296176	4.21336e-06	0.703819	4.57025e-20
206	2.26765e-22	1.87648e-08	0.0126174	1.65416e-08	0.987383	3.9894e-10
207	1.00988e-12	0.00520282	0.252506	0.0415419	0.700749	2.15762e-43
208	1.05219e-23	5.31523e-07	0.110156	7.38529e-06	0.889836	6.61163e-17
209	2.26342e-24	0.999823	4.63357e-05	4.11738e-05	8.96971e-05	1.01484e-07
210	8.52906e-23	3.84183e-16	0.291138	6.02293e-15	0.708862	4.92283e-30
211	4.55388e-25	1.72721e-07	0.347309	2.70779e-06	0.652688	7.82415e-17
212	1.36764e-11	0.000492342	0.0731778	0.00601592	0.920314	2.56511e-13
213	3.58868e-27	3.72844e-05	0.965561	8.59567e-05	0.0343158	3.76645e-13
214	5.56275e-23	5.44638e-08	0.291721	6.65492e-07	0.708278	4.52929e-19
215	5.61192e-19	0.00713967	0.0567477	0.111317	0.824795	4.29369e-13
216	2.06438e-25	1.66961e-06	0.424282	1.3331e-05	0.575703	8.6121e-19
217	6.37739e-16	3.87734e-05	0.112282	1.74386e-05	0.887661	3.55165e-15
218	0.998702	0.000584749	0.000220123	0.000262995	0.000229861	7.84138e-14
219	3.92981e-25	2.24328e-09	0.368345	3.56953e-08	0.631655	1.3161e-21
220	5.15323e-20	0.000213748	0.0493778	0.00318352	0.947225	2.25938e-19
221	1.075e-35	1.66313e-07	0.297976	2.59305e-06	0.702021	5.12771e-18
222	5.70758e-23	3.40527e-05	0.261085	0.000150575	0.73873	4.16465e-15
223	1.68878e-32	4.94114e-11	0.152828	3.94525e-10	0.847172	5.25201e-20
224	6.67242e-10	0.000689877	0.574347	0.00159047	0.423372	1.14886e-17
225	2.09988e-20	7.51866e-08	0.774491	1.18197e-06	0.225508	1.40323e-17
226	0.999429	3.88646e-05	0.000229713	0.000265283	3.6753e-05	1.68078e-19
227	1.37627e-18	1.3474e-06	0.363323	2.06917e-05	0.636655	5.37562e-10
228	6.46104e-12	4.97947e-05	0.475641	0.000397585	0.523912	2.77484e-10
229	1.59312e-22	6.03633e-14	0.34923	9.18127e-13	0.65077	1.49243e-20
230	5.2963e-16	4.43428e-08	0.476214	6.97088e-07	0.523785	1.46595e-19
231	4.65333e-22	0.000382735	0.297503	0.0048795	0.697235	7.87127e-18
232	1.58423e-24	6.81932e-09	0.485038	1.06077e-07	0.514962	4.35854e-18
233	0.990712	0.00029585	0.00303874	0.000260798	0.00540851	0.000283902
234	2.8767e-05	1.68558e-08	0.52188	7.58103e-09	0.478091	1.1663e-17
235	4.39213e-20	1.54671e-05	0.21195	0.000105576	0.787929	6.27997e-14
236	4.98978e-25	9.62241e-07	0.317166	9.64041e-06	0.682823	1.09723e-16
237	2.61079e-20	0.00494244	0.820121	0.065226	0.109684	2.6709e-05
238	9.45554e-22	1.54352e-05	0.309153	8.67427e-05	0.690745	4.43567e-16
239	0.000330658	0.0604574	0.427084	0.0271911	0.484937	2.41557e-11
240	6.84576e-14	3.16599e-05	0.283075	2.7909e-05	0.716866	3.23807e-15
241	1.21523e-27	4.37876e-06	0.50432	3.85998e-06	0.49567	1.96912e-06
242	2.94697e-20	2.37577e-09	0.124049	3.7688e-08	0.875951	2.07317e-26
243	2.80633e-34	5.35564e-07	0.313061	7.06791e-06	0.686932	1.30399e-14
244	8.3315e-16	2.10086e-06	0.230596	3.34132e-05	0.769369	3.28968e-18
245	1.54113e-16	0.00883632	0.176903	0.102453	0.711807	4.43125e-10
246	6.56416e-35	6.74392e-08	0.215614	3.78995e-07	0.784385	1.45391e-19
247	1.25612e-10	0.000196928	0.154453	0.00259889	0.842751	2.5233e-14
248	3.35336e-18	2.18171e-06	0.887045	1.22607e-05	0.11294	5.53335e-17
249	6.38121e-29	1.2745e-07	0.420149	1.27688e-06	0.579849	9.71676e-23
250	0.999504	2.06175e-05	0.00013861	0.000262853	7.40666e-05	7.05179e-14
251	2.97417e-17	1.11633e-06	0.404331	4.93622e-06	0.595663	4.95426e-18
252	1.92745e-14	1.24775e-05	0.625861	7.01208e-05	0.374057	3.23344e-12
253	7.28069e-10	0.00152984	0.086786	0.0104424	0.901242	2.19519e-11
254	9.61987e-23	9.30794e-08	0.466497	1.2933e-06	0.533502	4.18724e-19
255	1.10019e-16	2.74869e-07	0.515177	2.19469e-06	0.484821	4.81491e-18
256	2.81056e-10	0.189494	0.345994	0.436866	0.027575	7.02085e-05
257	1.60183e-22	1.28177e-05	0.581632	0.000128416	0.418226	7.64212e-39
258	2.15025e-17	8.87887e-07	0.2129	1.40023e-05	0.787085	3.84136e-56
259	2.9984e-18	5.63858e-07	0.716954	7.65458e-06	0.283038	4.36184e-19
260	3.45936e-10	5.3972e-07	0.014757	4.30939e-06	0.985238	3.47962e-14
261	0.0736199	0.40143	0.327701	0.180546	0.0167035	1.21965e-13
262	3.18809e-33	1.70968e-06	0.450704	2.42166e-05	0.54927	1.43333e-19
263	3.7651e-17	4.149e-09	0.0972728	6.59012e-08	0.902727	9.08571e-20
264	4.28889e-22	0.0114996	0.170706	0.0646255	0.753169	7.348e-11
265	9.55824e-20	3.70741e-07	0.188383	5.78037e-06	0.811611	9.91905e-14
266	2.07241e-05	6.88103e-08	0.542532	1.02808e-07	0.457448	4.40168e-10
267	0.999627	1.93773e-05	8.41908e-05	0.000263053	6.55296e-06	1.204e-16
268	6.52322e-36	1.53135e-05	0.737444	8.6059e-05	0.262455	8.0628e-14
269	1.06843e-46	2.11877e-10	0.0338024	4.88469e-10	0.966198	1.94157e-18
270	2.65426e-22	1.40904e-10	0.0133123	1.85953e-09	0.986688	6.16557e-30
271	6.26915e-10	2.16175e-07	0.304129	1.72605e-06	0.695869	4.88904e-19
272	4.1589e-14	0.141875	0.217062	0.211973	0.42909	1.59651e-16
273	8.62665e-27	3.79836e-08	0.209151	6.04948e-07	0.790848	6.8445e-19
274	3.45185e-30	1	5.31604e-15	7.43863e-15	9.84694e-16	7.43301e-09
275	6.39286e-12	0.000754205	0.0580165	0.00248622	0.938743	5.07679e-13
276	0.999442	5.99312e-05	0.000175581	0.000265006	5.75083e-05	3.03507e-10
277	5.94193e-19	8.48812e-06	0.262427	7.68705e-05	0.737487	6.57054e-17
278	0.120555	7.07915e-05	0.127883	3.18389e-05	0.751459	2.051e-20
279	2.35939e-45	1.38714e-08	0.553711	1.83063e-07	0.446289	1.46705e-32
280	1.05215e-24	0.997419	0.00117909	0.00121651	0.000185223	2.137e-14
281	6.15654e-20	0.000288218	0.0644236	0.00391267	0.931375	4.97134e-11
282	2.52909e-24	4.73759e-07	0.324367	7.24304e-06	0.675626	1.2755e-15
283	4.41804e-27	3.26705e-05	0.478796	4.88125e-05	0.521122	2.28107e-16
284	5.47047e-25	1.74091e-06	0.137265	2.59288e-05	0.862707	3.16069e-16
285	3.22012e-37	2.95706e-08	0.381793	4.36236e-07	0.618207	1.23817e-19
286	1.31578e-19	6.20552e-06	0.221187	8.42422e-05	0.778722	1.2531e-15
287	3.9499e-28	1.92493e-07	0.319898	6.34549e-07	0.680101	4.66601e-18
288	0.999475	3.29254e-05	0.000215186	0.000262893	1.41562e-05	3.62245e-19
289	0.999282	1.67557e-05	0.000355806	0.000263065	8.27911e-05	1.98365e-15
290	1.61017e-15	4.16478e-09	0.415482	4.17257e-08	0.584518	1.43278e-19
291	9.32198e-22	3.41297e-06	0.443701	2.72508e-05	0.556269	1.3678e-20
292	5.08717e-22	1.63601e-05	0.488812	0.000189688	0.510982	4.92116e-18
293	7.36898e-29	9.49722e-08	0.937873	1.4145e-06	0.0621255	1.99826e-15
294	3.10084e-25	0.0156338	8.84425e-09	1.17163e-08	1.45158e-09	0.984366
295	6.7355e-23	4.39533e-08	0.0927842	5.60362e-07	0.907215	2.43523e-19
296	5.01968e-10	3.09383e-05	0.963533	0.000173867	0.0362617	5.16567e-14
297	6.75006e-38	1.11462e-05	0.661801	5.01309e-06	0.338183	9.62938e-16
298	6.16957e-25	7.38516e-07	0.787809	1.15591e-05	0.212179	2.33728e-13
299	1.77736e-25	1.09339e-08	0.32353	1.72087e-07	0.67647	7.60579e-18
300	5.15137e-30	7.1252e-07	0.316612	1.06456e-06	0.683386	6.14081e-10
301	8.35259e-27	0.00605508	1.46983e-08	1.67257e-08	1.42867e-09	0.993945
302	2.07735e-14	0.0012409	0.12514	0.0134812	0.860138	3.2214e-19
303	1.78629e-28	8.01826e-08	0.322656	1.198e-07	0.677343	1.28057e-18
304	1.30971e-28	7.50533e-06	0.804933	0.000118718	0.19494	8.9122e-18
305	2.26132e-40	5.6944e-08	0.204919	1.31281e-07	0.795081	1.27794e-17
306	1.07789e-11	0.00198506	0.890196	0.000892796	0.106926	1.20738e-14
307	4.68811e-20	0.0685485	0.0898322	0.102417	0.00405344	0.735149
308	3.10931e-26	5.33863e-08	0.186843	8.16194e-07	0.813156	1.18454e-16
309	1.77707e-22	4.06423e-07	0.347762	5.99571e-06	0.652231	4.16724e-23
310	4.81428e-10	2.28294e-06	0.309899	2.01246e-06	0.690096	9.5518e-17
311	4.54986e-23	1.7007e-07	0.0131216	7.52021e-07	0.986877	7.62715e-19
312	1.96687e-18	2.29039e-06	0.134964	1.28715e-05	0.864829	0.000191812
313	2.59185e-21	0.014905	0.00021183	0.000235919	3.01838e-05	0.984617
314	4.03934e-11	4.56259e-08	0.404495	7.18098e-07	0.595504	7.02688e-10
315	6.54873e-30	6.23233e-08	0.108757	5.49394e-08	0.89124	3.49991e-06
316	5.23013e-20	0.846173	0.00205898	9.01247e-06	0.00248974	0.149269
317	1.52447e-44	0.0209521	0.819422	0.0483038	0.110977	0.000344849
318	9.54048e-17	1.58887e-05	0.333705	0.000220766	0.666058	5.04502e-19
319	2.15032e-15	4.38096e-06	0.642296	6.54552e-06	0.357694	9.64402e-24
320	2.16113e-28	0.000145927	0.0373044	0.00132155	0.961228	4.94166e-14
321	6.21102e-21	0.00881057	0.122554	0.0601394	0.808496	3.37342e-14
322	3.74651e-53	3.70948e-09	0.303018	4.02998e-08	0.696982	1.00836e-16
323	1.18305e-19	8.504e-06	0.221944	9.85998e-05	0.777949	8.23271e-18
324	5.97198e-13	0.047117	0.302635	0.63963	0.0106183	1.57689e-22
325	8.40252e-13	2.25575e-07	0.333495	3.29046e-06	0.666502	6.02309e-15
326	5.15212e-25	2.06062e-19	0.0318918	3.27672e-18	0.968108	2.2384e-33
327	8.49626e-22	1	1.85312e-07	2.93869e-07	6.76561e-09	3.99804e-09
328	5.99801e-23	7.67249e-07	0.353597	1.06606e-05	0.646391	3.74399e-22
329	1.45733e-12	7.04841e-09	0.17553	1.11813e-07	0.82447	4.30076e-21
330	7.45665e-13	0.000100678	0.244724	0.000232106	0.754944	4.45068e-14
331	0.999428	7.9769e-05	0.000191612	0.000262957	3.78106e-05	1.59345e-27
332	2.8638e-17	2.3817e-07	0.012486	3.37354e-06	0.98751	1.80816e-13
333	1.91033e-19	2.51024e-08	0.981426	3.7032e-07	0.0185733	1.43073e-23
334	8.6779e-12	2.40642e-05	0.898979	0.000383557	0.100613	3.13504e-17
335	1.49147e-18	9.18565e-05	0.280764	0.0014586	0.717686	9.95452e-17
336	2.55132e-24	1.40969e-07	0.383733	2.10619e-07	0.616267	1.19507e-17
337	4.06915e-20	0.00109754	0.602792	0.0170726	0.379038	1.96831e-18
338	7.75628e-18	0.00011727	0.891986	0.000270358	0.107626	3.55499e-09
339	4.11929e-29	2.23399e-08	0.341553	3.49659e-07	0.658446	5.87e-22
340	3.33375e-29	5.95464e-06	0.530497	5.96577e-05	0.469437	9.98059e-13
341	0.99951	1.75401e-05	0.000142501	0.000263367	6.65138e-05	2.48906e-12
342	5.57413e-27	2.39376e-07	0.464092	3.15908e-06	0.535905	3.80184e-48
343	1.42985e-28	0.0110539	4.69815e-13	1.68703e-12	4.53709e-14	0.988946
344	3.99987e-26	4.39334e-08	0.104664	6.86387e-07	0.895336	8.70439e-21
345	8.35053e-26	1.05734e-06	0.380687	1.62372e-05	0.619295	8.2535e-21
346	3.9171e-45	1.23925e-07	0.383883	1.12229e-06	0.616115	1.86871e-14
347	1.28471e-25	6.86255e-05	0.385031	0.000226223	0.614674	1.79651e-14
348	3.93233e-54	0.012157	0.108508	0.00546767	0.00135166	0.872515
349	4.16581e-27	8.5719e-09	0.394806	6.84423e-08	0.605193	8.51179e-21
350	4.90298e-16	1.39953e-07	0.853166	1.52044e-06	0.146832	5.21462e-18
351	1.11817e-21	0.00157151	0.487306	0.0125477	0.498575	4.70564e-18
352	1.06613e-09	0.0967651	0.452774	0.318985	0.131476	2.27951e-15
353	1.6756e-18	4.33719e-05	0.120337	0.00043453	0.879185	9.82635e-11
354	1.76643e-15	2.88677e-06	0.459951	9.51618e-06	0.540036	6.27421e-15
355	3.72893e-17	1.6077e-05	0.46818	0.000145597	0.531659	2.99987e-15
356	7.58494e-26	6.73585e-07	0.411945	6.10015e-06	0.588048	3.28593e-15
357	7.07442e-18	5.15696e-07	0.648073	6.30128e-06	0.351871	4.98927e-05
358	1.89902e-28	2.73564e-07	0.438329	1.20965e-06	0.561669	2.02404e-16
359	3.44802e-26	1.87858e-06	0.210189	2.98304e-05	0.789779	4.75572e-13
360	5.18228e-26	0.000684044	0.0311677	0.00835833	0.95979	8.71268e-19
361	1.83835e-24	0.00410957	2.10287e-07	5.61242e-07	2.28331e-09	0.99589
362	1.3521e-17	9.287e-07	0.149074	4.10656e-06	0.850921	6.75526e-18
363	8.76739e-21	4.19279e-08	0.56711	5.34541e-07	0.432889	4.11784e-21
364	3.49608e-17	0.000924637	0.0963214	0.00213169	0.900622	5.32807e-12
365	5.24091e-21	3.00551e-07	0.0835138	4.59496e-06	0.916481	1.50302e-16
366	2.99469e-28	4.95461e-07	0.26676	7.01791e-06	0.733232	3.16438e-17
367	4.05405e-13	1.04697e-06	0.32312	1.4213e-05	0.676865	2.71835e-13
368	2.57879e-22	1.65827e-06	0.45953	1.66137e-05	0.540452	1.92685e-16
369	4.74726e-21	0.0128363	0.00647819	0.00577319	0.272012	0.7029
370	1.53677e-18	4.01602e-09	0.302185	3.54022e-09	0.697815	7.18407e-19
371	0.999619	2.26699e-05	8.95754e-05	0.000262847	5.81603e-06	5.77884e-15
372	2.5808e-23	1.17787e-05	0.127582	1.75984e-05	0.872389	1.84817e-14
373	2.72608e-27	0.000117103	0.716542	0.00186708	0.281474	4.97522e-16
374	3.29769e-12	0.00146911	0.506495	0.0228526	0.469183	6.46549e-19
375	3.35108e-23	1.22897e-08	0.0443139	1.92669e-07	0.955686	7.32596e-20
376	7.28716e-18	1.97864e-07	0.464301	8.89906e-08	0.535698	2.14398e-18
377	3.18123e-18	1.32193e-05	0.379774	9.02325e-05	0.620123	4.69802e-11
378	6.62849e-19	0.429856	0.359791	0.193331	0.017023	6.81621e-17
379	9.68317e-19	1.45093e-06	0.438625	2.31429e-05	0.56135	1.63411e-18
380	2.60645e-12	1.06487e-05	0.899213	3.51033e-05	0.100741	8.81958e-16
381	6.3296e-23	1.96886e-06	0.0590482	3.12954e-05	0.940919	7.34672e-19
382	0.999491	2.4253e-05	0.000198227	0.000263484	2.31682e-05	2.01114e-13
383	1.34951e-21	9.29086e-08	0.416596	1.00936e-06	0.583403	3.36249e-12
384	1.47389e-28	2.58802e-08	0.548854	5.96651e-08	0.451145	1.80301e-15
385	1.10312e-47	3.12897e-06	0.50038	4.61598e-05	0.499571	3.72681e-12
386	8.24784e-30	5.32987e-06	0.369862	2.39715e-06	0.63013	1.23125e-16
387	1.92303e-18	0.000323736	0.440501	0.00028538	0.55889	6.85623e-21
388	6.9941e-25	8.24444e-08	0.247858	1.28246e-06	0.752141	2.26495e-09
389	2.32852e-09	8.76733e-06	0.80451	0.00011902	0.195362	5.42121e-13
390	8.47604e-31	0.000785832	0.162881	0.0124036	0.823929	4.17438e-16
391	0.999418	3.29201e-05	0.000231113	0.00026285	5.47517e-05	3.44773e-16
392	1.04524e-17	9.40324e-08	0.208908	1.48421e-06	0.791091	7.85854e-17
393	2.85823e-29	0.0181513	2.59212e-10	6.31043e-10	4.99044e-11	0.981849
394	4.85379e-23	4.24574e-05	0.753329	0.00066197	0.245966	4.22122e-15
395	1.1962e-12	0.00167047	0.296752	0.00147255	0.700105	5.38051e-16
396	7.58939e-20	2.10447e-07	0.425956	2.44004e-06	0.574041	9.43212e-14
397	1.03081e-29	2.13353e-07	0.10669	4.91871e-07	0.893309	3.14868e-23
398	3.53196e-26	0.000805911	0.170924	0.00729852	0.820972	3.75609e-16
399	1.43127e-26	9.86426e-08	0.297797	3.25174e-07	0.702203	1.14208e-11
400	5.09663e-10	2.28355e-06	0.647735	1.00975e-05	0.352253	2.5984e-11
401	0.998703	4.76512e-05	9.46526e-05	0.00026779	0.000886684	4.75287e-14
402	5.23107e-32	0.176215	0.302985	0.0792538	0.441534	1.29441e-05
403	2.71037e-17	0.0125356	0.592936	0.00563796	0.388891	2.12963e-14
404	8.147e-27	1.18683e-07	0.327656	1.89238e-06	0.672342	1.629e-16
405	7.712e-19	0.00235097	0.506511	0.0103956	0.480742	1.44192e-08
406	9.02474e-29	1.53406e-06	0.329026	2.20796e-05	0.67095	4.91895e-11
407	3.73883e-21	7.38894e-06	0.720897	6.51352e-06	0.278579	0.000509696
408	7.92212e-18	3.76646e-10	0.862447	3.32022e-10	0.137553	1.1655e-09
409	2.30361e-10	1.26228e-06	0.478113	1.96807e-05	0.521866	1.34114e-10
410	7.9406e-28	0.000801381	0.0695853	0.000360427	0.929253	1.38127e-10
411	5.54804e-25	8.33835e-07	0.201995	9.66793e-06	0.797994	1.14811e-15
412	6.78288e-23	0.00226777	0.0772077	0.00338824	0.917136	1.1163e-14
413	0.999443	1.94685e-05	0.000245878	0.000280209	1.12578e-05	1.95144e-19
414	5.19469e-24	0.00900102	0.321262	0.0207513	0.648985	6.42688e-16
415	3.49204e-29	1.5218e-07	0.30179	2.42641e-06	0.698207	1.02252e-15
416	0.999512	1.65319e-05	0.000152046	0.000262977	5.67207e-05	5.71918e-16
417	1.17979e-34	0.284569	0.520832	0.00190046	0.192698	1.08555e-07
418	0.999484	1.66082e-05	0.000178435	0.000262861	5.80461e-05	3.38455e-13
419	1.4282e-42	1.07983e-08	0.219644	9.7792e-08	0.780356	1.03407e-15
420	7.02738e-14	9.91725e-05	0.139935	0.00137796	0.858588	7.18671e-16
421	3.49841e-38	1	1.44607e-08	9.88588e-09	4.84418e-08	4.25783e-12
422	7.05379e-18	1.31018e-07	0.129802	1.31263e-06	0.870197	2.1961e-21
423	1.36308e-14	0.00344883	0.0620864	0.0235412	0.910924	1.09574e-14
424	9.05992e-13	6.27222e-06	0.326933	2.82097e-06	0.673058	7.0047e-17
425	4.54247e-23	7.47015e-07	0.274697	1.11259e-05	0.725291	4.74077e-20
426	3.98732e-19	3.87005e-06	0.827821	4.48714e-05	0.172131	2.75579e-16
427	1.23048e-31	0.00014826	0.230448	6.66811e-05	0.769337	3.50948e-12
428	1.00934e-11	9.68478e-05	0.498111	0.00118338	0.500609	9.91362e-14
429	1.4597e-16	9.02476e-06	0.356073	0.000141483	0.643776	1.75073e-14
430	8.77824e-12	0.0143094	0.0487796	0.00643574	0.0012726	0.929203
431	7.11535e-19	2.08572e-09	0.200168	3.23594e-08	0.799832	5.32386e-23
432	3.1552e-28	0.0133601	1.38869e-10	3.22613e-10	7.75868e-12	0.98664
433	5.21539e-06	2.0169e-09	0.0140325	6.64869e-09	0.985962	7.37541e-15
434	2.06068e-14	0.08244	0.320355	0.0726727	0.524533	1.53519e-09
435	0.999439	1.73957e-05	0.000206005	0.000263017	7.41233e-05	2.28783e-16
436	1.11815e-27	1.43863e-07	0.0434954	1.14867e-06	0.956503	7.43606e-20
437	4.90185e-16	2.26969e-07	0.248646	3.49905e-06	0.75135	8.12547e-14
438	8.90959e-21	4.67345e-09	0.484576	7.17689e-08	0.515424	2.87877e-16
439	1.30548e-26	4.28412e-07	0.427801	6.82702e-06	0.572192	2.51432e-19
440	8.00543e-25	2.84863e-08	0.0133772	1.94443e-07	0.986623	2.53434e-17
441	3.97505e-22	2.14658e-06	0.926818	1.46522e-05	0.0731656	1.95494e-15
442	1.84566e-09	0.00476695	0.0118748	0.00712222	0.000224182	0.976012
443	0.999345	4.68677e-05	0.000281939	0.000263387	6.30382e-05	4.66615e-11
444	1.16844e-22	7.02239e-08	0.642932	1.11079e-06	0.357067	7.00183e-23
445	2.07005e-16	4.88163e-08	0.491098	6.44236e-07	0.508901	8.63904e-25
446	2.44289e-14	0.000117588	0.679732	5.28862e-05	0.320097	1.38562e-12
447	1.43391e-28	1.32106e-08	0.302163	1.92702e-07	0.697837	2.15056e-26
448	7.3692e-10	2.37367e-07	0.1761	3.67176e-06	0.823896	2.48752e-15
449	8.19035e-13	0.0154303	0.635739	0.0355735	0.313257	1.47277e-13
450	3.89507e-09	4.3992e-07	0.408554	6.23121e-06	0.591439	1.03843e-17
451	2.97069e-05	0.152671	0.247234	0.0686648	0.531401	1.06399e-08
452	6.74521e-19	1.11887e-06	0.946517	1.76603e-05	0.053464	5.76827e-15
453	0.980077	2.72104e-05	0.00155365	0.000431807	0.0179102	2.7542e-13
454	7.06643e-35	2.4196e-08	0.370682	3.42721e-07	0.629317	4.51349e-24
455	1.33813e-16	0.00193189	0.591017	0.0154251	0.391626	3.66761e-11
456	8.28914e-34	1.7798e-06	0.37988	5.86707e-06	0.620112	3.60619e-20
457	0.999274	0.000298135	0.000151428	0.000262813	1.38803e-05	4.64638e-27
458	8.37682e-26	4.68149e-07	0.234505	6.17824e-06	0.765489	3.56807e-16
459	1.56974e-28	1.42036e-07	0.958019	4.68219e-07	0.0419808	4.22511e-45
460	3.49436e-30	5.25186e-09	0.172993	8.32461e-08	0.827007	1.17992e-20
461	2.79864e-15	0.941778	0.0209812	0.0333247	0.00351379	0.000402612
462	2.58297e-13	0.0001254	0.503514	0.000289102	0.496071	5.93691e-16
463	3.70226e-27	7.82326e-05	0.208704	3.51857e-05	0.791183	3.80681e-13
464	1.57693e-21	3.69332e-13	0.602514	3.70022e-12	0.397486	2.79555e-15
465	1.24721e-22	2.84567e-09	0.235997	4.52222e-08	0.764003	5.58281e-20
466	2.51756e-28	2.35651e-07	0.137543	3.73525e-06	0.862453	3.26844e-12
467	2.43139e-34	1.61105e-14	0.282065	2.12612e-13	0.717935	9.50852e-24
468	6.58317e-24	7.54398e-05	0.0752297	0.00111292	0.922378	0.00120415
469	3.39317e-15	1.75699e-06	0.605871	1.76027e-05	0.39411	1.21835e-11
470	3.51083e-19	3.32223e-06	0.0644472	5.13906e-05	0.935498	6.13359e-17
471	7.03912e-35	5.69143e-07	0.427218	9.02514e-06	0.572773	4.38148e-21
472	1.7861e-25	0.0225768	0.0562851	0.0520493	0.869089	8.11766e-16
473	0.999592	1.73869e-05	0.000117765	0.000262884	9.97105e-06	2.96171e-14
474	3.7016e-13	0.00304918	0.287718	0.0276141	0.681618	1.31666e-12
475	1.77772e-09	0.000385267	0.0635804	0.00307616	0.932958	1.22187e-13
476	1.16727e-18	0.000128967	0.161815	0.00197171	0.836085	3.86663e-13
477	9.54971e-17	1.58817e-12	0.28828	3.66143e-12	0.71172	5.09778e-23
478	2.78334e-32	1.39872e-08	0.346152	1.11681e-07	0.653848	5.51498e-18
479	2.0546e-32	3.02861e-06	0.0119641	6.98226e-06	0.988026	9.12823e-17
480	2.54177e-34	0.00851777	3.71815e-13	5.72267e-13	1.94405e-14	0.991482
481	8.56538e-17	2.60939e-07	0.945236	3.54234e-06	0.05476	4.31161e-22
482	3.27974e-06	7.32532e-06	0.86954	0.000108066	0.130342	6.41721e-12
483	1.00276e-15	0.99961	1.91494e-05	1.53881e-05	1.72872e-07	0.000354987
484	4.81088e-23	0.00206131	0.360562	0.0140701	0.623307	7.75646e-13
485	3.38238e-35	5.42506e-07	0.931077	5.89378e-06	0.0689168	1.43298e-19
486	0.999535	1.80242e-05	0.0001765	0.000262919	7.79968e-06	3.17403e-09
487	4.6648e-24	2.60586e-07	0.0520909	4.04294e-06	0.947905	1.84832e-15
488	5.31622e-31	2.48329e-08	0.013648	2.87926e-07	0.986352	2.13657e-25
489	9.32769e-17	2.7056e-08	0.448576	4.18522e-07	0.551424	1.98589e-11
490	6.71261e-10	0.000978429	0.360577	0.00146185	0.636982	1.64537e-11
491	2.25554e-18	0.0130308	0.0548759	0.0732304	0.858863	5.03486e-10
492	2.07267e-20	1.00272e-07	0.217164	1.32331e-06	0.782835	1.45208e-15
493	2.64899e-18	1.30079e-07	0.532799	1.14668e-07	0.467201	2.59478e-32
494	8.94308e-24	1.39402e-06	0.470248	1.77724e-05	0.529732	1.22442e-15
495	4.03572e-25	6.40993e-07	0.0895956	2.11302e-06	0.910402	1.29853e-15
496	1.2518e-18	0.998845	0.000238151	0.000247776	0.000669278	2.248e-10
497	1.17305e-10	6.7093e-06	0.367961	0.000105708	0.631927	1.2813e-13
498	1.74824e-18	0.000474291	0.0908102	0.00717112	0.901544	6.0244e-15
499	8.75389e-27	2.09653e-07	0.736366	2.27767e-06	0.263627	4.57042e-06
500	1.23931e-25	9.75865e-08	0.0147684	3.21692e-07	0.985231	8.11819e-19
501	5.51575e-20	6.14464e-09	0.914227	8.70351e-08	0.0857725	1.76466e-17
502	6.4275e-18	2.19187e-07	0.297044	3.35103e-06	0.702953	1.6222e-17
503	2.7756e-27	3.22094e-07	0.864292	1.42425e-06	0.135707	5.73587e-21
504	1.41151e-19	6.50125e-06	0.482126	7.06295e-05	0.517797	5.82484e-16
505	3.6357e-24	4.92049e-05	0.389252	0.000743962	0.609954	8.33475e-17
506	9.81399e-36	0.000378571	0.013011	0.00462576	0.981985	2.04774e-39
507	9.60563e-20	1.6781e-09	0.0122013	2.57702e-08	0.987799	2.11024e-22
508	3.53894e-19	4.44302e-07	0.0875069	7.07739e-06	0.912486	4.30005e-18
509	1.52713e-33	3.76254e-07	0.517731	4.08761e-06	0.482264	1.00621e-19
510	0.183456	0.00876791	0.453604	0.0598483	0.294324	1.10055e-09
511	0.000177864	7.69529e-05	0.275144	0.000253674	0.724348	1.89392e-14
512	8.78982e-27	1.58074e-06	0.860774	1.71731e-05	0.139207	1.20897e-17
513	4.09523e-21	1.11203e-05	0.53074	6.24941e-05	0.469186	8.37004e-14
514	0.995363	1.65984e-05	0.000189148	0.000262194	0.00416886	9.97587e-08
515	6.33393e-54	7.69961e-10	0.521146	9.81626e-09	0.478854	4.42295e-20
516	1.00134e-18	0.00282745	0.344605	0.0125025	0.640065	9.25391e-13
517	1.50735e-18	0.00143298	0.27926	0.0202973	0.699009	3.54016e-10
518	8.38781e-24	6.69009e-05	0.417604	0.000962899	0.581366	4.29791e-18
519	0.999568	1.65901e-05	0.000104627	0.000263177	4.71629e-05	1.32645e-14
520	1.89836e-24	1.70858e-06	0.314534	5.63232e-06	0.685459	6.90542e-18
521	2.24971e-10	0.0041394	0.125503	0.0651493	0.805208	6.10478e-13
522	6.85926e-07	1.1759e-05	0.244897	0.000166559	0.754924	6.57962e-11
523	4.33255e-24	0.0185594	0.219197	0.0820666	0.0372182	0.642959
524	0.998237	2.43846e-05	0.00080921	0.000264913	0.000663488	1.3888e-06
525	6.26255e-21	1.5465e-08	0.403537	2.43657e-07	0.596463	1.21721e-17
526	5.13025e-16	5.27371e-08	0.337174	6.44394e-07	0.662825	1.51872e-17
527	6.91786e-29	1.40139e-05	0.380463	3.23082e-05	0.619491	7.35785e-16
528	0.999541	1.65272e-05	0.00017192	0.000263172	7.16087e-06	6.57059e-14
529	1.00582e-15	0.0184434	0.872487	0.103648	0.00542178	4.71602e-15
530	3.25933e-22	0.0429998	0.0129377	0.0193395	0.000147552	0.924575
531	2.61159e-09	0.000625505	0.0125053	0.00997529	0.976894	8.93325e-14
532	8.32756e-29	1.10176e-07	0.0672737	1.62536e-06	0.932725	1.09961e-16
533	7.70514e-13	3.65654e-05	0.730083	0.000571274	0.269309	1.76039e-21
534	2.97357e-16	4.10971e-07	0.416273	6.39282e-06	0.58372	3.39935e-17
535	9.94117e-25	3.44695e-09	0.182767	3.03857e-09	0.817233	1.77192e-20
536	1.11166e-27	5.29967e-11	0.0140961	7.91814e-11	0.985904	2.7892e-25
537	5.62797e-36	4.83911e-06	0.907255	2.71948e-05	0.0927131	3.89338e-12
538	5.77819e-22	2.21393e-05	0.774383	0.000344385	0.22525	8.75762e-18
539	8.99294e-20	1.7765e-05	0.859357	0.000192998	0.140432	1.63518e-20
540	5.06661e-21	3.83625e-07	0.129363	6.09337e-06	0.870631	3.48324e-18
541	4.68102e-25	1.92081e-07	0.0557509	2.72071e-06	0.944246	3.92193e-15
542	7.72573e-22	6.58394e-08	0.0602887	9.14811e-07	0.93971	1.0068e-15
543	0.999421	1.65159e-05	0.000266979	0.000262907	3.26778e-05	2.30421e-24
544	4.45461e-28	7.58582e-07	0.536409	3.41178e-07	0.46359	9.17715e-18
545	5.49842e-47	1.6698e-06	0.089403	3.84962e-06	0.910591	1.88022e-19
546	1.111e-15	2.62185e-06	0.648802	4.08783e-05	0.351154	7.31567e-15
547	3.01928e-05	0.154579	0.284018	0.509566	0.0518064	1.99396e-20
548	0.0177822	5.53514e-06	0.597168	8.81836e-05	0.384956	4.15799e-20
549	1.52449e-29	5.48666e-06	0.0304074	4.38082e-05	0.969543	1.42495e-18
550	7.09846e-11	8.92247e-06	0.265207	8.93916e-05	0.734695	1.32354e-16
551	9.10396e-28	9.86015e-12	0.530999	8.69195e-12	0.469001	1.83855e-22
552	3.8941e-19	9.16494e-06	0.149056	6.25584e-05	0.850872	3.14396e-14
553	1.02758e-18	0.000286691	0.671961	0.00161115	0.326142	4.23433e-13
554	1.69842e-14	0.0053314	0.0155973	0.0122912	0.96678	1.18518e-12
555	2.08241e-11	0.00514749	0.884194	0.0515711	0.0590869	6.98412e-16
556	0.999503	2.06176e-05	0.000170851	0.000262854	4.3138e-05	4.63967e-13
557	4.57846e-25	0.00123979	0.106285	0.00408696	0.888388	1.61525e-13
558	1.19183e-19	2.1214e-07	0.872767	2.59214e-06	0.12723	1.79705e-18
559	5.1632e-16	3.89025e-08	0.0866112	6.1735e-07	0.913388	7.55601e-17
560	4.02022e-21	5.27266e-06	0.785842	3.59903e-05	0.214117	7.05852e-14
561	0.999006	8.05338e-05	0.000507758	0.000265478	0.000139938	2.66275e-10
562	1.96297e-16	0.00233467	0.0906131	0.0340558	0.872996	4.78188e-16
563	2.10689e-13	8.51908e-05	0.323018	7.50977e-05	0.676821	3.89031e-07
564	5.40145e-12	2.2801e-08	0.0359941	1.55636e-07	0.964006	6.65075e-18
565	4.88164e-31	0.120525	0.38353	0.106246	0.389698	7.17337e-18
566	9.88169e-14	0.000288877	0.0686548	0.00460832	0.926448	3.48816e-18
567	1.15516e-22	6.78154e-08	0.324696	1.06846e-06	0.675303	6.11528e-19
568	7.54228e-14	3.65116e-05	0.472654	0.000249222	0.527061	1.52499e-18
569	1.03662e-16	2.08542e-05	0.800721	1.83835e-05	0.19924	1.10814e-14
570	3.01693e-24	8.26826e-07	0.265494	7.28866e-07	0.734504	2.57541e-12
571	3.70613e-22	9.18077e-07	0.0441897	4.05958e-06	0.955796	9.16799e-06
572	1.24144e-07	0.040546	0.725616	0.0182358	0.0782672	0.137335
573	1.49237e-12	5.04414e-08	0.017224	2.26864e-08	0.982776	2.03408e-13
574	6.47707e-25	2.49631e-07	0.0553309	1.99317e-06	0.944667	7.60307e-21
575	1.62015e-25	2.45906e-09	0.0183547	3.92361e-08	0.981645	3.43705e-20
576	1.9892e-19	5.87612e-06	0.260316	9.02379e-05	0.739588	1.69634e-21
577	1.02366e-23	5.50745e-06	0.184329	1.81552e-05	0.815647	5.26394e-20
578	0.999504	2.15121e-05	0.000146626	0.000262856	6.51889e-05	3.25826e-12
