1_CSF3R,307,1068,567,371,484,648,532,261,540,502,459,273,2011,333,1216,470,862,307,639,167,868,1238,294,556,1384,281,606,154,369,569,1235,623,546,211,479,543,193,810,343,645,373,1092,826,402,1589,226,190,598,273,304,944,857,653,308,1406,543,830,365,1306,434,230,977,229,176,1692,237,325,399,329,1758,355,687,166,326,338,481,847,446,331,654,392,336,1048,424,541,1044,360,290,739,417,282,138,539,818,370,760,292,307,783,324,127,464,740,359,225,404,425,318,328,1035,743,129,1330,793,464,617,416,1226,592,201,927,849,513,517,936,399,216,354,1052,1020,1133,163,555,400,321,745,310,273,197,847,308,795,289,612,885,224,266,252,276,490,173,1837,635,469,899,483,537,225,631,589,360,124,388,565,406,2104,456,319,381,653,1226,646,688,380,154,493,359,471,224,310,654,1071,195,2658,445,304,1361,735,209,915,443,647,761,347,477,719,262,862,258,1560,1072,202,1621,595,159,335,270,246,464,149,587,887,359,706,307,430,501,486,396,681,414,1226,256,676,695,996,901,946,218,726,374,688,846,532,649,414,678,374,650,276,813,376,319,358,415,334,385,189,1054,288,644,307,394,693,482,824,809,546,248,562,291,399,502,465,840,1995,324,654,717,372,1240,739,874,644,352,825,2512,580,229,240,368,81,174,390,270,397,416,877,1073,797,375,739,1303,754,777,15,198,515,522,192,303,284,803,556,1312,497,347,248,330,282,659,386,452,1573,1066,849,533,277,340,1080,422,444,448,510,1166,372,192,547,275,525,1128,654,1168,515,844,975,483,533,448,1391,427,500,246,1858,423,2522,376,1460,362,1583,1297,273,416,480,460,195,671,233,486,348,746,861,682,354,663,901,991,204,284,373,800,279,237,181,1147,800,756,525,220,797,111,475,267,222,193,657,974,359,101,339,195,286,782,352,604,308,515,417,1367,992,661,692,521,651,288,601,396,1198,704,501,582,406,282,204,493,335,638,372,741,265,314,265,253,443,205,863,639,437,370,1108,2136,766,207,507,268,569,950,273,1250,539,712,321,327,219,141,2149,373,262,2017,217,471,399,140,615,506,741,259,379,1250,601,631,269,413,667,1055,1656,285,742,312,276,337,922,387,646,531,1059,1227,409,466,604,547,293,301,367,583,510,459,321,272,353,300,177,831,384,174,383,497,150,512,1214,900,684,852,365,722,368,549,339,275,352,1026,143,717,646,307,342,839,715,352,271,92,204,351,632,338,562,1092,711,781,564,150,723,1100,385,919,587,585,436,122,516,840,990,594,609,1043,1573,409,958,203,207,807,375,247,176,749,558,809,236,128,1002,112,398,632,1183,425,190,167,155,1965,622,444,236,607,196,632,780,337,325,173,353,728,495,706,172,1653,658,659,351,349,789,843,2202,553,1389,174,166,309,554,610,219,325,282,1672,623,482,452,138,581,655,151,341,1354,268,741,218,388,455,1450,795,504,663,168,255,314,246,270,618,111,319,255,229,374,136,256,779,496,838,300,1333,269,692,407,1228,403,507,1084,439,933,314,208,252,178,936,781,388,724,215,813,373,728,741,1667,428,556,764,568,1546,184,521,590,769,520,162,761,770,435,259,379,690,593,1054,481,575,321,612,318,150,536,392,736,916,247,1216,394,297,1068,406,243,322,673,324,323,630,706,447,295,1173,535,535,1302,331,478,280,768,200,351,990,178,839,105,421,251,256,323,974,253,890,209,167,535,810,779,272,573,555,1176,936,270,231,1038,838,207,1318,1058,551,742,999,1303,310,459,310,363,944,631,702,607,534,359,337,280,214,275,447,112,435,581,241,298,804,732,1178,292,1148,1081,828,702,424,370,215,240,273,358,571,260,909,277,178,274,373,740,108,304,633,603,615,997,932,562,420,547,886,133,307,1659,257,519,1507,436,1987,126,397,202,145,261,218,385,496,293,771,341,715,1330,1030,342,143,2367,1599,874,929,952,828,259,645,235,521,502,373,269,673,395,478,771,349,1316,142,1523,167,338,894,342,732,723,227,186,706,601,483,56,305,386,266,376,312,515,529,585,279,452,342,320,530,805,225,1747,1284,531,218,521,1190,1230,541,890,1670,376,865,636,403,369,713,859,455,558,392,259,782,459,505,1207,397,318,409,596,524,326,1413,437,447,433,390,481,429,720,300,605,622,330,1482,379,404,923,399,470,404,393,1204,384,292,778,1026,1389,480,644,236,866,411,641,446,1106,692,473,1014,712,355,215,732,385,835,268,964,441,1269,241,389,921,233,592,401,915,388,559,312,836,1078,85,619,335,802,740,278,179,462,501,148,326,485,439,1402,318,514,494,272,2532,241,592,489,295,783,373,1681,345,196,209,483,1051,360,422,187,430,438,239,681,410,852,1425,449,459,376,801,433,1333,767,531,712,495,846,296,399,2337,600,687,283,411,272,548,250,124,443,373,807,557,770,666,493,578,528,174,687,347,1551,447,764,427,334,328,513,512,208,493,399,726,376,211,182,323,323,534,765,415,569,200,841,843,618,649,753,406,280,204,314,892,283,731,745,792,430,1077,1069,346,579,380,567,560,1052,956,215,220,682,435,484,753,784,244,693,918,1177,1680,389,1201,444,669,175,201,159,255,612,307,158,268,427,191,373,1472,283,1220,221,1086,381,376,543,1623,1128,520,833,939,476,571,773,550,967,1054,1064,364,1724,420,452,1112,218,293,166,698,422,502,653,284,433,209,362,473,471,958,262,556,1252,402,307,729,791,242,323,856,325,387,555,554,654,364,164,602,536,934,1406,320,471,1084,249,1306,790,358,256,672,1942,332,228,587,674,1484,310,256,525,280,439,389,833,471,458,736,689,743,841,1278,389,207,808,155,453,967,250,456,619,861,424,1447,1107,675,547,716,1303,358,238,257,417,381,1438,131,322,166,1669,1017,428,1150,181,998,751,308,153,888,128,595,433,133,542,273,785,529,371,284,411,499,352,74,276,1739,499,242,344,84,118,494,503,723,501,222,621,521,107,1108,490,289,1160,655,392,436,495,361,960,304,100,1172,1081,258,529,334,310,726,406,250,305,399,256,556,376,1665,491,981,1094,693,474,1490,731,453,776,417,331,306,197,626,328,309,957,316,1696,730,661,669,980,1125,664,232,234,190,295,463,755,155,1036,547,745,484,522,169,1086,255,213,1420,1578,819,736,250,243,461,865,267,293,304,167,282,298,448,214,443,1290,238,892,206,504,1457,1348,1420,405,307,387,306,690,1879,548,481,365,500,338,193,229,1106,183,312,555,383,550,200,473,419,2666,939,546,168,545,277,805,443,869,631,290,870,311,744,210,520,314,753,208,1068,625,164,615,282,351,686,255,428,834,420,662,905,461,257,394,895,207,557,588,401,1080,173,247,1441,936,247,272,379,592,278,314,286,377,637,660,267,445,667,513,777,591,718,412,465,235,282,738,557,785,1277,231,428,299,929,352,497,378,549,395,651,330,155,129,1199,422,267,523,235,319,208,2658,1219,629,383,381,417,331,546,379,420,392,517,340,660,1583,366,237,350,213,742,1031,262,438,326,604,244,314,404,1621,483,633,675,354,813,836,396,183,334,1115,499,433,264,406,542,270,427,399,346,266,203,258,23,312,839,709,495,593,362,975,483,558,1313,721,383,272,594,889,429,381,1000,864,991,749,505,460,370,417,526,403,769,905,1101,1013,318,997,266,566,870,373,540,810,846,1139,1123,804,246,715,542,468,250,199,661,304,354,564,701,1349,746,453,525,506,282,286,1005,386,400,254,843,1119,219,753,777,213,806,456,915,221,1225,910,965,303,550,677,802,450,527,427,444,1179,311,186,374,192,596,205,1651,412,938,589,580,631,231,514,251,452,238,223,566,332,316,183,678,621,547,137,366,1355,1313,594,934,1038,412,399,127,367,254,261,913,349,293,351,374,264,889,197,236,1072,564,1337,513,1504,705,463,625,645,492,553,646,652,952,365,1110,165,797,425,1125,444,648,698,902,812,418,353,379,604,451,302,932,802,1012,973,133,569,1008,538,398,199,521,252,305,491,545,344,132,196,1691,239,476,548,517,816,224,268,203,535,203,401,696,831,260,376,989,258,302,248,546,658,1288,161,181,273,1031,549,494,1223,292,912,186,622,202,550,860,418,978,665,1235,435,584,391,379,228,416,449,467,1394,385,412,306,754,211,283,640,1006,646,347,686,1651,991,1020,278,1018,791,808,431,522,274,556,376,480,1734,244,176,408,380,497,406,1385,349,426,525,1378,299,232,1301,423,391,809,671,944,537,438,432,167,608,1224,392,412,316,835,170,1078,907,548,554,156,683,923,716,700,1017,2010,274,884,1352,134,682,466,2100,634,302,1552,713,265,306,358,714,473,271,255,323,806,72,371,404,540,868,210,647,1056,677,501,380,1947,714,412,499,83,641,291,158,688,388,359,410,434,568,199,400,1043,211,666,271,369,465,260,215,725,266,162,703,1005,853,872,452,220,713,346,347,2672,322,410,345,693,365,532,343,2414,414,451,569,386,284,519,185,220,487,481,518,329,198,163,793,579,473,570,552,240,359,346,821,802,737,510,236,479,353,580,859,653,511,565,111,674,521,857,526,352,654,1138,609,343,333,337,331,453,266,267,61,1128,1130,340,1713,1055,781,583,350,591,460,1268,529,818,280,204,680,661,439,283,465,9,507,485,527,641,301,1131,671,648,814,563,187,352,611,807,510,381,314,232,230,400,358,512,548,182,1232,280,903,542,377,1291,292,695,402,1316,766,347,454,753,804,377,407,328,722,216,449,534,429,411,294,737,342,632,1188,797,514,249,819,432,601,483,225,413,515,209,1515,244,238,601,484,166,536,113,221,753,760,337,463,428,421,630,1118,329,816,1583,1075,654,391,85,522,827,352,346,557,577,856,346,420,371,473,491,602,521,983,767,250,534,783,361,120,1226,268,575,509,347,415,1644,752,684,794,285,1997,1030,735,646,347,828,160,516,155,189,1103,134,374,481,1133,1037,923,578,1776,520,329,766,359,321,362,1509,607,889,882,241,844,250,582,1592,1922,371,638,112,945,703,802,225,585,675,921,549,1449,265,306,618,319,341,460,854,337,153,1388,508,1110,322,1516,302,641,257,753,1711,995,450,241,470,237,344,522,387,727,592,525,394,1049,377,318,163,489,199,236,838,375,454,1235,439,307,308,869,426,1024,279,454,367,331,401,341,236,268,566,110,367,345,167,745,1249,940,829,357,492,1093,766,389,988,227,812,323,423,344,433,291,2714,447,960,688,546,621,791,815,850,489,503,559,386,400,1464,487,372,484,351,1701,477,672,205,597,417,2194,651,930,435,509,335,875,262,178,477,713,444,423,851,300,690,297,602,573,763,780,214,435,173,429,708,929,478,247,1201,1232,1044,1073,192,810,458,309,557,347,524,335,357,809,252,126,158,660,623,859,311,261,672,545,343,893,484,382,246,333,154,784,149,541,583,352,573,489,220,404,977,574,381,161,365,378,181,282,101,128,755,1054,149,378,182,408,993,709,341,427,770,526,784,225,525,767,367,149,435,258,262,425,447,300,342,693,274,347,243,503,692,360,152,307,689,563,672,678,852,2153,490,408,447,559,707,497,237,515,209,247,290,297,1874,479,684,409,103,308,155,344,253,929,260,518,129,1029,1058,1556,373,390,376,240,249,299,466,1477,437,347,141,508,444,203,522,791,414,802,582,221,468,631,352,346,250,1563,1421,212,524,322,2452,742,439,222,323,354,299,309,613,1184,893,202,206,200,640,549,1050,1156,385,627,309,307,621,466,308,300,503,491,318,231,652,663,422,490,652,234,409,283,227,1260,442,400,519,1012,166,255,439,663,405,331,525,211,390,543,463,1147,319,573,890,1069,1237,697,379,222,363,204,345,314,568,774,941,466,318,346,553,1390,610,305,313,2079,1695,617,456,862,432,206,221,356,1390,554,138,488,313,612,301,1196,956,803,592,341,446,1285,1352,696,259,979,437,532,285,544,602,203,380,270,268,238,424,728,144,351,986,192,666,566,774,526,282,207,147,602,332,792,603,366,747,100,944,1123,444,771,871,404,335,372,311,0,937,375,514,312,1109,835,368,562,220,280,660,427,404,658,173,945,474,402,353,246,299,205,482,132,1107,377,121,994,219,190,355,411,568,871,254,298,445,811,479,437,283,494,945,161,375,843,663,369,395,309,215,643,304,97,1178,236,157,352,713,1062,747,384,92,179,1660,1818,323,294,224,426,428,945,528,212,685,635,327,710,703,355,478,353,278,358,258,361,142,465,294,1555,603,743,414,175,287,374,163,1313,383,2363,387,554,259,138,271,334,682,578,358,692,2290,805,412,232,1228,315,408,880,1164,343,1039,703,506,344,605,382,632,321,246,420,1632,461,659,1164,347,500,230,248,367,735,1106,828,415,425,806,345,188,677,408,251,256,293,180,120,349,274,347,957,366,479,265,886,976,174,1071,1420,847,366,389,383,470,1314,910,1062,352,447,447,798,116,708,579,264,736,1477,589,836,191,985,198,226,1189,541,1038,273,128,307,240,244,204,648,549,235,287,593,291,811,512,363,1289,1718,176,142,726,260,913,380,268,574,315,614,390,283,225,278,549,269,136,291,402,473,143,870,1820,323,290,379,533,356,340,656,271,755,380,343,463,729,163,355,152,606,310,700,268,303,463,265,340,263,1228,757,396,736,440,1096,726,382,654,683,416,252,538,380,284,385,641,191,593
1_MPL,0,83,46,0,31,0,12,1,53,65,0,37,34,42,87,0,68,25,46,11,13,33,28,8,111,0,0,16,4,10,131,4,30,0,44,0,9,11,24,45,0,43,0,7,45,0,9,67,10,16,72,4,0,0,17,4,2,0,109,0,0,49,0,5,1,1,2,28,24,117,0,0,0,3,19,34,66,83,0,58,47,10,0,0,17,0,19,3,0,1,4,0,36,36,54,63,1,7,1,10,75,23,19,0,4,0,0,0,0,13,1,18,0,38,0,12,0,0,0,0,0,81,8,3,100,0,9,0,13,33,16,4,14,0,13,2,7,31,0,94,4,3,0,9,0,11,0,0,43,98,0,45,1,0,103,59,143,20,33,0,75,0,2,41,38,0,0,15,2,26,238,7,12,12,2,10,0,12,2,0,94,0,4,92,16,1,0,52,1,11,1,0,46,11,0,41,0,3,18,222,94,10,29,0,67,13,40,16,0,4,51,11,1,0,18,20,0,30,2,36,1,198,6,0,41,3,0,8,7,74,23,3,0,12,54,0,1,71,21,27,83,2,17,6,0,6,11,0,11,61,17,8,38,21,0,60,0,0,0,4,6,4,38,8,0,0,5,36,0,17,111,0,0,0,0,79,40,50,48,11,0,7,0,0,4,1,4,111,256,1,15,14,60,4,13,0,13,22,3,0,19,23,0,60,0,58,0,0,0,20,22,34,12,99,22,62,5,0,17,23,5,0,0,0,5,0,5,55,8,72,0,148,9,0,58,0,18,0,23,100,0,0,0,149,0,31,28,105,1,0,193,2,0,27,16,0,42,7,30,7,5,0,1,10,2,5,10,7,31,14,8,11,9,35,123,9,0,41,0,2,3,0,0,19,25,30,41,1,0,0,3,0,39,0,101,0,22,0,66,60,0,61,0,0,15,0,0,6,0,6,74,21,0,9,1,30,50,52,24,10,6,31,9,7,37,0,18,2,34,18,121,3,2,0,14,6,7,20,74,30,30,12,42,0,0,9,0,29,68,15,0,11,8,0,18,0,0,0,86,29,10,2,25,0,5,0,0,0,32,0,22,97,0,77,54,0,23,15,4,15,56,0,0,17,17,16,1,0,12,4,2,3,136,0,33,0,0,0,0,14,21,2,13,5,57,1,51,44,5,0,25,9,41,6,0,49,0,19,2,5,18,33,6,33,0,51,0,43,28,0,0,1,27,46,25,0,14,2,0,0,33,27,0,0,0,0,0,0,8,0,60,0,27,12,1,24,0,0,0,11,11,0,43,102,67,0,0,1,0,48,30,7,0,3,40,6,9,46,0,77,127,0,104,4,0,2,52,0,11,0,126,98,32,1,20,41,39,0,0,0,5,0,44,40,0,36,3,27,0,0,34,77,8,87,3,43,0,5,0,35,1,0,13,0,0,14,0,0,6,8,3,26,11,3,55,0,1,0,21,0,1,19,0,2,17,52,0,10,0,6,33,0,1,0,12,58,11,140,0,12,0,27,30,16,0,19,114,11,32,8,17,0,0,0,76,0,0,11,83,0,120,2,0,11,115,0,26,2,0,62,2,2,9,0,2,0,47,0,0,43,24,0,57,73,7,19,0,0,13,4,19,9,10,25,18,45,14,12,0,0,0,10,18,0,0,15,22,6,20,67,92,3,0,17,0,49,60,11,0,0,22,7,66,32,8,0,0,97,26,3,35,1,7,17,61,0,25,0,0,1,24,26,27,6,7,0,17,25,69,69,1,0,0,0,9,4,11,0,0,14,0,0,27,0,12,0,0,0,0,1,0,39,34,0,17,0,12,49,24,0,0,7,0,0,0,2,3,0,25,0,1,3,10,0,0,0,4,2,0,11,64,89,107,0,0,84,24,0,0,0,158,46,0,36,0,0,0,41,18,10,1,19,4,115,1,25,1,0,76,111,3,0,2,22,12,0,66,0,1,58,0,41,5,3,2,180,1,0,0,32,0,16,21,7,88,27,0,0,0,6,143,79,15,2,14,31,1,2,0,35,0,26,27,0,23,1,0,49,0,0,10,0,0,27,37,0,3,12,8,1,0,79,30,10,21,5,27,10,0,4,0,19,26,38,58,0,0,26,93,95,0,89,3,1,0,19,40,58,0,43,6,0,0,2,13,7,17,16,106,7,0,0,2,67,0,110,1,0,53,0,24,30,97,0,76,10,145,119,26,0,26,0,26,18,2,14,4,0,1,0,9,147,11,0,32,9,1,0,50,1,0,0,3,1,7,0,4,42,55,0,66,0,82,162,1,33,49,55,0,117,0,11,31,27,0,4,1,304,98,51,0,21,0,0,20,1,0,11,98,24,0,0,2,0,61,3,20,0,76,7,160,13,4,0,0,4,86,41,31,36,0,5,0,0,13,0,11,48,7,0,0,3,90,48,0,16,0,0,0,2,10,0,5,0,18,0,46,1,0,2,50,45,52,0,0,1,126,32,3,1,5,0,7,12,47,17,0,0,0,10,0,48,0,32,27,10,0,8,5,0,0,135,5,0,23,0,18,43,58,40,51,3,33,0,143,25,4,0,0,1,0,47,171,7,0,21,0,32,0,1,5,1,53,0,54,12,16,0,0,58,5,32,108,0,7,43,0,15,9,7,0,0,6,6,0,23,0,3,0,180,0,31,35,117,25,135,0,3,8,0,136,9,4,26,87,6,5,7,8,4,3,6,49,35,0,13,0,91,8,17,19,9,0,0,0,28,0,0,46,10,1,0,41,0,0,0,33,43,2,0,0,1,92,11,1,51,1,19,27,15,0,20,14,11,19,159,0,0,19,28,12,1,32,23,4,0,15,0,11,4,0,0,0,0,0,0,1,9,0,0,0,15,53,0,0,2,8,0,92,0,0,0,19,13,0,21,0,0,0,0,0,56,21,4,0,0,16,0,0,1,0,88,1,22,48,0,0,1,72,0,3,38,0,22,0,0,26,12,81,4,134,6,0,12,6,0,0,0,1,7,14,16,0,6,0,20,0,7,50,1,0,21,2,72,17,1,44,16,0,43,25,0,20,12,10,0,1,0,0,85,46,0,28,1,1,86,18,17,48,0,0,0,7,114,0,0,9,0,20,3,13,0,17,5,32,18,17,3,1,0,19,89,2,0,106,17,0,4,7,0,0,24,0,21,4,33,0,0,0,0,0,8,16,0,20,1,10,0,25,0,0,0,19,12,54,1,0,14,0,5,43,0,9,1,9,66,4,4,0,0,4,5,0,39,107,0,2,80,1,37,26,1,0,4,33,17,2,1,41,41,30,0,1,0,23,2,40,74,11,0,0,0,0,81,6,0,10,1,34,20,227,7,0,0,4,40,5,109,14,49,0,47,0,17,3,74,6,0,2,43,4,22,0,13,41,7,26,0,21,0,73,14,11,93,21,0,64,0,0,23,3,25,18,0,1,0,21,0,0,6,12,0,36,55,53,0,4,0,78,10,9,10,11,0,1,0,17,0,26,34,15,47,37,51,3,0,0,1,62,57,0,1,51,0,110,3,0,0,15,30,41,187,2,48,1,11,0,30,24,0,0,53,22,0,0,7,1,2,40,24,0,23,0,0,49,16,2,125,0,27,15,3,7,0,10,57,0,87,0,69,0,0,53,48,0,24,35,0,6,0,0,0,0,4,2,92,0,1,0,40,0,3,46,24,36,2,0,13,0,0,0,0,0,0,0,13,94,2,32,41,10,0,48,0,3,0,17,35,8,2,25,44,0,1,1,0,96,0,14,31,0,51,1,13,0,23,0,0,0,28,16,56,6,50,22,22,0,52,14,0,95,1,2,7,1,0,2,1,69,12,0,4,49,86,6,1,0,1,10,11,1,0,3,0,2,0,1,18,0,18,84,0,4,2,5,0,0,14,12,0,0,16,11,0,1,0,0,182,1,9,18,53,18,0,37,28,10,0,1,0,14,87,0,17,27,116,28,9,19,0,0,0,4,0,46,0,90,0,32,20,11,89,90,1,0,1,85,10,2,1,9,27,57,0,41,16,47,12,6,49,4,0,10,18,11,6,56,0,47,1,0,12,5,2,1,101,35,43,69,23,1,0,5,5,34,9,0,15,56,0,95,39,0,8,0,91,1,1,16,123,79,17,0,0,0,33,73,195,54,0,21,0,0,12,12,28,0,0,3,10,0,34,19,19,53,0,31,35,30,3,21,24,54,0,1,0,4,0,0,13,112,8,40,1,20,1,0,0,15,1,47,0,0,18,0,73,0,50,20,14,0,3,60,0,11,0,30,0,21,0,17,6,8,85,0,11,98,12,0,0,1,0,0,16,0,20,23,31,0,17,0,0,69,24,35,0,1,3,0,0,21,0,0,0,0,5,3,0,65,5,202,7,0,35,25,18,28,8,30,5,30,0,1,0,0,2,0,0,111,48,17,0,69,82,39,0,10,32,1,3,63,0,0,0,0,12,26,0,0,25,1,42,0,2,1,7,0,0,9,0,0,36,14,0,0,0,0,12,3,0,8,0,0,116,2,67,49,90,11,0,21,0,62,0,0,47,35,39,1,0,1,0,8,0,0,7,0,0,19,32,0,7,19,1,9,0,22,0,0,0,0,14,0,40,0,13,120,1,22,7,0,8,1,57,0,35,0,20,43,13,41,48,233,0,7,2,0,0,6,13,29,0,0,1,1,6,0,14,0,0,0,29,0,26,5,0,38,0,0,10,2,0,6,7,125,14,1,76,51,178,26,62,70,2,0,2,33,0,0,52,20,41,4,4,42,144,0,63,0,0,17,7,2,0,2,0,5,58,18,169,6,2,26,200,0,6,0,0,20,7,0,30,3,0,32,0,0,4,10,8,0,1,19,0,1,0,0,0,11,51,5,0,23,15,16,8,38,0,1,0,0,0,0,11,0,0,0,1,0,5,49,76,4,11,14,0,0,0,0,0,0,10,0,3,9,37,4,23,0,0,2,25,0,0,8,0,0,1,0,23,1,5,0,12,44,0,1,28,0,15,47,0,24,0,66,52,50,63,0,2,26,88,9,0,0,0,38,0,9,1,19,26,4,126,0,2,21,6,5,125,57,33,22,9,3,1,27,8,0,30,4,1,0,5,1,8,9,0,98,14,0,22,2,0,30,113,35,22,171,14,105,30,0,30,0,36,25,0,0,0,0,61,70,0,23,49,0,1,11,24,1,27,14,12,0,16,1,7,6,120,1,33,0,2,0,0,1,0,2,13,1,8,36,0,6,37,0,2,17,0,1,27,0,31,1,46,65,1,0,16,0,0,56,1,0,20,21,2,15,5,37,9,31,3,27,3,0,14,17,0,0,1,22,68,37,1,3,148,1,6,2,31,50,0,11,0,8,7,0,12,0,0,25,0,37,35,2,16,0,20,9,0,5,29,0,0,0,26,0,12,0,1,81,21,20,0,5,0,0,0,87,37,0,19,0,86,5,42,16,32,0,116,1,0,12,8,146,14,29,1,0,13,6,21,46,0,0,2,10,0,0,14,41,2,37,14,0,25,0,16,14,41,0,55,7,12,83,5,0,37,25,18,27,0,3,36,53,0,37,139,5,9,0,33,51,0,5,4,1,43,40,57,7,0,50,7,0,21,19,0,3,5,0,1,61,1,8,0,26,19,91,82,0,39,0,134,94,20,0,103,32,6,32,2,91,18,7,0,3,0,15,2,1,30,23,0,0,22,39,31,0,117,9,0,0,4,6,0,5,2,1,0,0,0,0,0,0,19,139,30,1,0,23,7,0,20,2,0,0,0,0,2,57,0,0,1,0,36,0,25,0,0,1,27,13,0,87,12,13,7,4,0,0,23,0,36,5,0,28,3,0,16,13,18,15,18,29,16,1,4,1,11,17,10,11,11,27,0,6,0,1,27,0,49,0,0,19,58,43,11,0,0,0,43,0,6,52,0,0,0,0,10,106,0,20,1,14,4,2,0,11,0,0,0,0,0,6,55,0,19,21,0,1,6,0,2,0,22,20,38,13,103,35,25,20,0,37,5,2,0,0,303,0,0,0,0,41,6,0,0,38,39,166,0,98,0,0,5,6,2,89,13,65,1,49,0,15,10,29,0,35,26,2,14,33,1,2,0,0,0,37,8,59,1,32,0,0,0,0,0,44,22,0,1,17,28,9,12,26,1,22,0,0,0,0,23,84,151,75,24,1,0,16,84,56,0,0,31,56,52,0,7,41,3,54,0,41,0,17,97,0,0,0,0,13,1,0,2,8,23,1,102,0,0,0,51,23,0,0,7,86,173,0,16,0,0,27,0,25,35,0,0,64,28,11,7,7,23,33,0,1,0,8,43,121,0,25,52,27,10,0,5,22,48,1,11,7,1,0,0,0,2,7,9,38,0,0,1,0,0,13,3,0,56,0,52,4,0,6,30,20,18,0,27,0,1,0,0,11
1_NRAS,47,198,88,93,96,90,98,26,207,95,80,37,243,22,116,103,219,55,113,27,289,154,33,171,341,17,141,31,168,133,223,79,75,20,51,53,27,265,14,168,105,225,203,72,522,43,22,186,32,67,210,138,90,28,323,93,119,39,367,74,173,59,213,40,366,75,14,52,73,189,54,188,47,54,52,96,339,98,26,119,106,31,228,70,69,210,61,43,127,106,25,36,120,104,31,188,37,52,102,67,35,42,145,109,27,30,62,133,54,228,47,37,371,169,117,64,15,249,152,31,109,64,105,103,110,78,34,43,249,89,341,13,43,153,48,203,130,146,19,157,15,81,34,147,326,77,5,46,69,160,30,633,85,111,378,167,201,27,82,48,48,31,113,57,72,466,190,46,46,201,463,120,101,70,24,24,37,111,38,56,89,172,12,483,115,67,222,104,32,212,69,352,36,93,161,146,3,120,14,301,115,49,354,162,50,60,159,100,93,85,279,97,38,192,40,166,96,33,67,63,181,292,13,128,91,308,131,516,65,178,33,136,215,145,87,102,66,89,108,78,358,29,31,44,175,45,25,71,196,139,137,27,103,208,183,216,144,93,36,119,35,51,160,66,95,968,154,118,77,49,485,53,244,219,57,141,494,26,71,89,53,18,50,117,48,47,34,136,455,134,34,109,295,86,235,112,23,296,36,137,59,58,130,112,41,77,32,50,125,38,138,51,43,361,194,91,342,43,51,131,84,108,180,105,297,87,27,99,87,101,269,265,185,112,162,305,11,128,44,464,132,160,30,432,59,514,108,228,162,358,461,39,34,86,45,19,393,84,66,55,101,147,100,27,115,134,305,15,56,55,162,19,10,107,174,154,135,166,13,246,9,41,45,39,20,163,144,67,24,107,18,42,127,38,172,87,124,51,365,144,138,197,51,169,49,144,46,355,185,96,63,79,48,20,23,39,172,25,119,34,24,21,50,75,51,78,3,24,80,167,321,205,7,18,73,154,179,61,508,68,177,45,158,89,10,471,24,122,511,31,143,28,38,70,178,177,28,29,142,111,150,33,41,192,156,342,37,207,29,90,128,151,53,168,57,168,154,24,60,82,70,25,18,28,82,75,70,191,95,141,165,15,231,62,29,95,78,41,39,107,271,193,217,50,171,55,119,168,39,17,220,32,97,170,115,48,185,163,87,69,114,64,11,141,47,94,227,134,313,31,20,84,257,34,54,142,163,132,50,102,105,247,102,61,208,417,137,348,13,42,164,46,64,42,199,91,273,31,28,272,13,116,71,58,111,35,39,33,300,144,149,74,29,25,89,134,31,118,57,45,181,212,84,27,376,258,78,51,48,136,350,528,65,255,25,63,70,274,60,20,40,78,221,101,49,86,37,141,234,23,140,359,47,86,35,43,41,352,211,95,44,13,51,78,60,60,151,2,52,5,37,51,39,33,78,54,44,23,263,31,124,157,259,77,75,179,68,233,29,33,30,73,213,444,97,37,78,26,26,97,91,182,8,201,125,70,488,62,83,69,162,161,17,148,77,112,77,237,226,97,333,90,121,41,206,95,45,321,97,68,151,162,22,40,12,419,63,38,212,57,188,19,80,162,102,24,121,56,61,261,34,159,68,223,10,47,247,21,81,14,67,39,10,30,256,17,288,22,23,160,246,167,60,189,182,134,128,62,84,351,134,18,355,302,128,139,226,210,48,59,55,161,28,80,103,187,104,19,133,32,59,32,92,19,45,60,43,35,147,128,211,47,177,186,129,151,40,54,39,34,52,63,25,49,192,9,0,83,75,178,111,87,98,229,71,361,131,78,139,124,159,22,58,472,31,31,32,116,509,2,98,53,9,8,32,77,50,45,130,78,42,258,161,81,69,462,686,298,176,203,298,82,56,19,100,55,78,93,79,63,44,228,51,359,15,308,36,10,290,89,54,40,70,21,127,182,150,121,34,75,66,76,11,55,101,89,32,103,44,77,60,88,20,307,278,70,13,165,263,307,179,283,378,28,245,54,76,107,122,72,140,65,51,26,193,50,42,273,69,43,55,44,71,23,153,98,103,38,49,42,83,47,43,113,106,26,268,173,57,249,96,120,63,85,462,29,39,92,169,228,95,117,19,95,71,271,88,147,140,211,98,100,55,11,99,86,170,70,221,54,352,40,32,507,99,149,87,252,88,59,34,102,175,29,110,44,289,338,53,45,116,21,54,249,57,89,339,33,163,48,31,898,45,60,61,38,252,53,240,41,11,6,30,319,72,200,62,60,128,10,43,65,174,557,159,11,35,109,90,103,404,121,62,58,133,39,42,829,126,78,31,88,37,51,32,39,111,95,89,206,75,111,107,141,73,25,64,33,323,56,269,29,171,95,68,39,49,102,42,89,67,46,19,58,49,289,167,221,42,0,97,84,150,74,108,60,61,25,22,150,78,64,182,160,81,380,90,109,97,76,40,142,9,325,29,27,597,71,82,187,383,16,191,267,220,405,153,84,55,94,6,53,22,21,116,20,34,23,145,17,27,205,69,195,45,45,112,65,79,304,213,32,122,153,81,104,70,345,246,207,78,37,96,25,106,342,31,15,21,89,61,133,213,6,60,83,14,70,23,251,27,100,182,38,21,226,125,20,53,121,50,116,74,40,116,49,80,64,76,206,291,39,54,153,42,407,54,63,124,138,437,86,37,102,162,203,59,45,202,42,132,77,112,28,79,98,191,141,150,656,8,47,190,32,237,222,148,174,183,196,61,327,347,87,83,70,368,113,32,3,88,60,652,57,7,131,367,323,83,367,83,281,187,46,14,210,8,128,139,31,81,26,116,77,126,94,86,43,58,16,52,222,46,41,29,23,29,82,91,135,213,23,30,35,109,272,107,15,159,74,42,110,116,29,170,37,32,382,200,14,60,55,38,163,42,21,59,53,47,126,39,374,21,199,402,122,132,160,170,51,130,87,19,15,12,25,49,156,173,44,450,111,164,116,68,273,180,32,44,54,60,124,50,11,252,77,92,43,54,36,150,26,29,270,406,125,199,17,20,120,257,61,20,30,24,156,14,71,28,143,356,15,158,13,93,404,160,377,110,33,42,3,134,462,82,55,36,92,89,34,25,188,71,17,154,36,34,40,54,66,259,268,48,22,192,9,148,205,291,187,32,226,16,161,18,79,5,6,8,248,121,38,96,38,48,89,102,110,152,73,230,229,159,78,40,70,25,163,92,34,190,22,27,140,151,160,34,64,113,34,24,28,123,32,188,26,225,148,114,85,98,218,28,88,28,17,215,273,101,135,22,88,39,368,26,119,41,109,40,23,14,29,32,190,54,57,177,42,27,49,327,598,146,160,83,48,17,108,61,43,27,72,27,86,337,190,37,31,48,288,297,67,56,73,88,13,92,26,355,112,107,163,142,144,131,99,78,7,238,72,114,47,53,50,20,73,29,44,26,24,45,31,56,157,74,134,36,34,167,91,43,297,164,66,24,235,231,53,25,264,321,173,74,41,38,58,146,124,56,131,313,169,108,72,255,69,53,147,28,100,155,229,138,121,252,84,381,62,96,37,41,149,144,92,85,168,323,226,100,137,119,67,37,262,72,58,70,366,82,64,252,224,38,74,137,101,11,280,23,114,44,121,89,365,23,36,170,72,91,44,35,38,60,67,70,265,213,346,182,129,119,65,259,41,137,50,78,63,92,48,34,217,87,71,8,87,330,468,107,277,182,136,75,28,72,41,71,60,81,27,135,96,64,202,41,61,133,54,146,114,426,129,75,57,103,76,70,61,135,113,130,253,50,123,78,141,59,46,40,147,125,66,43,10,171,60,21,233,266,114,300,25,28,92,114,73,28,10,136,49,28,202,76,32,17,416,67,84,86,94,198,34,0,25,61,50,244,185,96,23,99,561,60,31,32,105,110,203,11,17,65,205,33,54,363,99,254,27,84,18,8,136,19,188,108,345,117,104,55,111,10,145,43,200,340,53,125,19,139,31,39,97,190,89,46,275,355,196,360,44,157,149,122,15,26,25,60,34,53,337,15,39,47,44,100,74,210,99,73,50,98,27,58,150,74,190,151,153,227,81,50,92,34,60,412,76,135,53,290,141,177,364,171,19,33,67,153,150,75,71,407,48,218,323,17,124,74,400,164,30,373,38,56,30,86,152,99,16,23,62,139,152,62,55,261,306,92,63,258,151,66,147,571,173,85,65,6,94,29,31,129,81,129,35,63,35,88,74,161,54,221,145,60,128,21,74,143,50,16,119,220,217,166,97,1,139,80,95,774,73,55,106,58,220,79,92,325,41,109,95,113,27,8,60,37,53,135,84,144,44,7,77,142,57,67,192,32,38,8,219,57,55,26,44,59,34,75,131,120,11,146,79,146,133,197,78,140,194,145,185,53,52,47,66,95,50,44,91,107,215,63,329,263,218,232,29,46,50,220,93,238,24,57,92,126,52,14,151,68,70,61,111,52,9,375,28,138,93,99,24,52,43,192,129,152,55,102,41,48,39,49,111,60,263,11,161,197,137,288,42,211,91,343,236,14,101,58,119,57,31,13,240,15,61,71,34,53,85,107,22,40,335,216,29,100,145,79,129,54,26,110,197,34,243,25,47,159,27,29,211,13,62,132,125,100,53,55,73,85,115,63,102,589,434,107,49,47,26,266,78,68,42,82,276,14,66,46,120,97,28,54,107,100,52,91,223,64,41,184,16,134,50,104,102,320,165,64,45,33,427,314,119,58,94,100,65,75,11,10,163,40,59,89,193,226,179,55,286,65,47,270,81,62,6,408,85,112,105,12,169,56,54,464,159,111,40,19,201,155,165,26,194,46,99,107,181,41,39,69,44,22,95,140,91,34,422,179,287,58,469,54,43,29,204,462,243,103,68,61,36,58,41,20,138,102,62,65,240,79,30,125,146,30,27,148,145,180,334,92,134,183,152,66,114,38,62,161,173,48,58,34,83,101,52,57,46,10,147,256,64,300,124,59,141,190,39,188,28,270,77,95,50,1,102,680,136,331,140,76,49,314,130,57,10,120,75,58,32,622,90,62,10,57,399,28,66,102,268,64,632,80,328,77,76,65,138,19,23,94,175,8,52,552,19,179,49,152,70,95,246,41,54,37,131,244,222,133,19,385,103,432,111,32,209,79,31,31,13,154,93,133,170,66,23,32,119,81,217,28,52,217,115,57,216,83,119,23,84,54,43,36,77,62,77,237,138,8,66,234,108,126,31,100,9,35,242,34,22,270,216,20,49,56,101,147,38,109,62,94,142,115,51,196,145,70,23,62,20,32,48,193,117,87,239,71,73,87,22,132,35,61,33,145,219,167,96,244,667,109,198,40,76,206,59,75,221,52,65,74,69,300,76,186,38,78,83,69,31,7,165,46,125,44,381,133,522,41,51,89,52,7,51,32,277,46,35,11,161,169,28,71,180,154,155,92,220,62,191,41,14,6,360,179,3,102,22,556,115,38,9,49,63,75,59,205,272,141,25,38,65,192,71,313,219,115,63,23,82,168,69,48,32,50,41,67,31,176,85,35,87,218,90,26,62,19,295,31,47,53,234,44,23,50,80,37,35,37,15,15,54,91,191,63,127,267,206,189,277,68,50,62,43,29,47,31,193,101,64,32,103,81,648,92,51,30,331,169,24,73,372,95,17,26,10,154,92,57,83,43,211,40,191,179,271,77,80,84,212,261,109,24,67,112,110,57,68,79,15,49,22,13,43,25,55,21,80,196,38,84,287,159,153,24,16,36,91,36,268,86,20,42,40,403,293,54,82,196,137,139,82,159,0,159,64,230,68,144,69,66,65,39,173,186,109,71,203,49,267,50,41,71,38,48,55,48,28,180,18,19,180,39,18,91,58,71,244,30,39,144,151,51,31,18,245,335,7,41,109,149,31,57,22,66,67,101,45,290,38,20,28,231,139,75,82,16,32,541,446,36,32,11,31,168,180,136,28,116,98,147,89,103,95,74,15,61,32,38,51,57,63,80,557,88,148,38,21,22,37,16,268,119,1554,153,56,35,93,30,76,183,88,61,93,918,156,65,97,227,23,121,242,110,47,77,56,122,171,48,53,215,141,57,34,102,73,68,219,41,68,17,48,135,245,311,163,28,32,148,46,27,107,102,16,11,40,19,60,79,17,43,103,46,58,19,183,224,56,251,138,228,81,39,31,82,308,257,257,68,170,38,194,53,194,61,69,94,321,108,39,113,231,19,97,216,246,220,131,24,46,51,203,23,173,153,43,28,191,50,233,70,30,156,370,49,54,42,44,289,64,26,8,68,88,31,98,72,40,113,23,42,24,49,67,27,353,446,50,56,68,129,47,27,62,18,120,61,69,47,180,26,63,45,62,37,41,51,71,105,41,49,26,328,90,75,70,65,225,88,58,244,164,69,23,132,62,86,122,148,30,59
2_DNMT3A,851,3007,1662,968,1240,1420,636,895,2641,1587,757,654,3014,1066,2405,1345,2804,363,1172,555,2701,2724,743,2308,2862,718,1142,566,802,1574,3259,2129,1357,366,1099,1153,681,2600,1217,2014,1879,3482,2902,616,4082,524,248,1843,881,397,2751,918,162,410,4212,1626,1143,881,1811,777,639,1820,1676,468,4605,669,488,787,628,4438,387,1404,450,2165,794,1283,869,754,527,1910,1622,997,1886,2130,1337,2337,788,400,2623,1385,403,578,1173,1910,648,1372,451,586,2472,1136,1391,987,1756,834,619,817,515,1066,802,2573,723,552,2571,2060,1035,1368,463,2065,1916,317,1558,1970,1258,2150,1815,722,619,450,2041,1174,3228,376,1729,1883,652,2421,1152,1509,417,2252,390,2450,642,1784,2658,411,631,665,1450,2122,589,5823,1475,1685,2195,1202,2088,599,2275,1813,688,315,640,1225,983,4786,1328,200,523,2343,2563,1230,1766,825,519,1409,908,1049,641,767,1980,1915,556,9056,1390,420,3569,1971,845,2463,1214,1384,1659,765,1427,1330,573,1511,569,4259,2061,851,3885,2003,485,507,1092,462,1365,729,1523,994,677,3843,430,1116,1235,1911,998,661,1467,2197,477,1363,861,1194,1930,3623,532,1779,298,2738,1877,1169,1398,784,172,1392,2076,639,2532,470,591,1021,484,637,718,869,2669,891,923,524,852,978,1405,1867,1705,1105,498,1409,772,680,719,799,2118,6523,1107,1670,1265,772,2370,980,939,1009,441,1595,5548,956,869,1780,931,411,472,1343,1419,96,405,3208,3259,1677,668,1136,2577,1325,1544,1792,330,2386,1530,1136,246,1420,661,1066,1787,1439,563,981,612,802,2049,1134,1097,3825,2622,1081,1480,707,660,1586,1413,1518,315,883,2172,1014,608,1410,1161,560,2522,3069,3618,1091,1970,1742,1269,1093,966,2602,1420,1353,432,6334,935,6361,1644,2684,807,3669,2536,525,1154,1024,542,555,2205,585,1052,614,891,2117,2197,639,1595,2471,2515,768,1206,975,1676,625,540,1075,3103,1818,1218,2043,553,2060,608,878,1032,404,415,1518,1732,899,967,403,539,705,2343,562,2320,983,1855,394,3690,2513,1606,2051,1382,1830,841,1538,1073,2977,879,915,1576,897,534,565,949,1002,1361,937,1656,810,299,459,669,1801,1517,2349,4242,652,762,3067,4937,1617,430,800,1049,1283,2022,723,3086,617,1571,670,850,737,266,4019,841,1063,3885,716,1547,973,363,1322,1865,1506,14,704,2807,1157,1499,835,1257,1693,1146,2676,533,1959,743,1042,701,1958,1158,1499,734,3019,3140,483,673,1080,2118,668,539,989,1571,1129,545,669,1181,1067,1087,510,2122,536,789,1688,1251,693,323,2333,1684,1763,1765,1289,2070,517,1899,775,638,538,1155,601,1543,1227,1149,645,2527,902,1149,790,1751,1177,688,1751,680,1654,981,1467,1993,1446,789,1823,2466,985,1193,1012,1782,1568,610,1757,2007,2443,1293,1212,2744,3581,915,2975,429,547,1919,346,408,576,2289,1440,2566,471,429,1688,458,1131,1302,1958,1262,1259,963,442,5585,3386,1256,702,2250,363,1698,1132,655,1425,571,1216,3199,1380,472,438,5006,3519,2142,376,786,1527,3542,4916,1187,1810,234,628,706,769,1502,507,505,490,5737,752,998,639,661,1426,3167,332,821,2994,633,1735,661,692,514,2322,1968,1012,1782,144,1054,856,730,787,1933,347,1051,522,1077,893,275,591,1613,775,1372,883,3767,497,1606,1841,2000,717,1317,1705,823,1916,708,912,501,671,2558,2108,943,101,1148,1106,374,422,1132,4300,750,1618,1662,1220,4277,899,1049,1421,1788,2150,307,1147,2132,1043,519,1662,3374,1271,1887,1062,1847,719,2122,1470,747,1707,476,1087,1562,2879,2719,2121,653,3481,1274,756,1521,2035,1708,729,1067,2443,708,829,1474,725,1173,2297,633,1094,766,1822,593,864,2252,745,1902,594,941,433,607,1046,2354,813,4414,529,615,1375,1779,1536,310,2699,1747,2658,947,744,873,2422,1515,750,3605,2817,862,1854,2357,2013,857,580,939,1519,2159,2041,2157,1417,1618,738,1090,560,469,654,1230,692,720,731,698,535,665,1104,3339,1035,1305,2843,762,2018,845,913,840,682,772,851,1096,476,2455,436,553,1038,879,2635,1177,536,970,2240,1250,1553,1405,1354,2318,1799,1789,382,630,4086,158,785,4756,1678,3819,291,805,1111,581,28,617,889,1144,523,1545,759,1263,4423,3430,697,1981,5794,4171,2570,2262,2617,2646,1274,2321,966,1522,775,2296,581,1807,1217,949,1410,789,3592,539,5151,276,370,2938,1945,2478,1154,596,68,1539,1681,1568,652,666,752,722,927,430,1310,1026,1193,1536,1179,644,889,1056,1444,717,4564,2810,951,391,1559,3054,2895,2239,2590,5181,1141,2074,218,1096,1292,1421,2260,1166,1280,1094,701,1739,1565,1605,738,735,512,1193,1183,155,923,2419,1457,739,862,807,1211,721,1076,496,1355,995,676,4062,1127,1082,1718,1426,779,1061,940,3541,983,79,1477,2824,3688,1521,2380,388,2027,1115,1583,1134,3460,1665,1484,1901,1794,557,634,989,1355,1668,886,3159,1003,1076,611,935,2073,536,1896,401,2276,935,1402,644,1834,2378,612,1553,489,3247,2819,774,840,864,1346,391,157,1112,1000,1014,216,620,1086,665,6142,444,944,1257,670,1071,345,2884,975,518,499,599,4034,586,1239,976,846,1079,1099,1153,549,1501,2946,2438,785,831,2344,1249,3391,325,1809,1577,1242,2212,488,911,6335,1772,1495,642,768,530,721,774,580,1226,1040,1541,1479,2288,1216,1074,1988,1743,517,1620,952,3144,1213,2362,1137,1042,976,1037,458,736,924,422,1841,994,696,288,744,781,1703,4195,1748,1109,279,1354,1132,1259,1570,1655,759,463,268,549,3111,668,1717,1477,2373,1405,3166,3260,725,1927,424,918,1285,1480,2987,366,574,2273,1007,1104,2058,1737,395,1146,2230,3107,3027,2295,2272,969,2488,294,1120,528,601,2387,652,581,783,866,565,1249,3822,1045,2193,477,2536,678,1262,1443,2983,2438,850,2096,2031,1167,753,2041,1385,3029,1586,2673,942,2307,1088,221,2487,399,943,428,1078,1620,1614,2097,460,1389,1139,953,1322,802,1477,423,1332,2068,643,1119,1643,2051,423,738,1846,474,1073,807,1553,497,734,1030,818,1620,2744,3414,520,1098,2505,680,3710,1512,827,380,915,4014,876,546,1298,2148,3377,1485,714,1031,689,1107,1369,3515,982,1116,1866,1910,1924,1802,4255,523,735,2363,341,2457,2143,900,1057,2312,1506,1337,3680,3869,2743,2313,1516,4380,950,441,474,869,1028,4843,737,240,1130,2244,2159,816,2713,145,3215,1123,754,288,2163,303,727,1222,638,1361,559,2127,1376,1313,1241,584,1303,397,300,636,2469,1128,750,331,615,676,1274,1439,1115,1155,394,1575,1128,935,2563,2483,686,2248,1169,528,965,1551,610,464,307,285,3267,2406,517,948,596,1079,1551,416,380,787,730,713,1319,801,3407,935,2166,2479,3456,863,2863,2104,964,2421,893,1271,846,577,1077,963,1621,2266,635,4224,2053,1136,1983,1917,2866,840,522,527,314,587,1153,1456,1068,1131,694,1696,1076,554,515,1410,468,286,3574,3421,2255,1995,591,720,1285,978,430,869,404,379,1270,788,1293,429,951,3525,468,2089,332,1157,3694,2786,2353,749,688,452,281,994,4747,1288,1193,195,877,455,883,911,1826,679,837,1312,783,748,416,675,953,3518,1088,1584,532,1586,285,1984,1678,2907,865,536,2336,292,1947,706,1824,701,1726,373,3152,1265,627,897,746,635,1511,490,874,1909,789,2071,2194,2178,682,601,1764,533,1068,1858,572,1510,762,766,2734,2183,646,413,1104,1567,780,718,746,831,1428,1050,664,1227,1719,1885,1527,1787,1969,916,918,476,463,1917,2861,1312,4697,757,1020,916,3536,224,1162,469,1417,879,1749,659,476,656,2110,859,847,2378,595,520,822,5022,3445,1023,1009,116,671,862,1995,325,675,680,1301,312,1129,2441,1541,779,85,809,1992,3008,655,1573,469,1246,480,1033,749,4168,1427,2164,1554,821,2474,1769,800,1311,634,2504,1019,845,509,626,1049,888,1068,1085,711,504,393,635,143,482,2473,1759,1161,1406,663,2789,1082,1358,2699,1931,898,433,1403,3156,1275,852,2107,1113,2127,1057,1299,753,542,585,1123,1175,861,2673,1761,2198,630,3486,417,1063,1526,865,717,2018,2277,2238,2827,2361,488,3321,1409,1246,330,613,1674,1957,596,673,1253,3096,1102,1118,1336,606,646,400,1804,793,543,804,2114,2191,577,1771,2044,556,1309,909,2264,329,2646,1576,1930,729,1723,500,2534,1452,1837,657,981,1372,553,486,330,165,620,540,3817,1115,397,1397,1331,1441,136,1804,618,446,595,754,896,967,636,379,2022,866,1140,371,791,4078,3976,1333,1981,196,1567,1025,340,346,475,1049,2034,663,519,702,1693,423,2371,1429,618,2292,1020,3377,1218,3905,2224,1823,1408,424,1138,1155,2214,2234,2661,1387,3494,478,1872,970,2463,807,1044,1307,3062,1239,1072,867,1213,1367,1140,537,2078,2613,1801,2208,594,1290,2654,1092,904,573,1006,1033,554,314,1839,634,761,605,2691,689,1286,1611,2143,2136,338,432,700,1361,583,2028,1926,2010,744,1465,2668,810,904,624,1422,2343,3448,334,483,760,3946,1167,1029,3847,754,2686,899,1963,566,1537,1557,1326,1575,855,3104,1263,941,1083,1084,587,1980,955,1130,3094,1008,2477,743,1788,603,645,982,2558,914,1012,429,3461,1501,1973,865,2136,1030,1056,793,975,440,945,1122,544,2218,617,543,1010,1524,1257,722,3797,611,1270,1645,2864,814,419,2353,1333,1953,1123,1068,222,991,576,845,438,1170,1514,383,1393,698,1487,1214,3643,2323,1327,2468,474,1653,2285,941,1590,2012,2744,604,2284,3051,586,2271,1887,4778,1226,543,3677,1582,789,371,707,1750,1034,651,662,622,2360,2106,926,577,1488,1947,601,2739,1759,1132,1207,1862,3408,842,1362,971,452,934,593,955,2949,513,1160,1535,1015,1412,807,969,2515,861,1333,303,475,1020,633,990,2272,840,641,1064,1702,2648,2559,576,605,1665,638,1439,6585,994,456,1167,1954,1751,1119,838,647,585,1189,1293,1132,478,1219,1040,445,661,2260,1198,1089,441,209,1637,1339,833,1639,1256,713,574,257,1738,1615,1732,359,950,1705,527,1832,1230,2175,966,2150,631,1340,966,2228,977,1340,1637,1521,1024,739,1107,529,989,817,612,427,745,3670,1956,871,3488,2685,1748,711,960,1200,743,2989,1108,894,337,673,2032,1347,581,696,283,360,752,1335,1125,933,259,2376,1075,960,2216,1065,319,859,1308,1844,988,726,692,563,402,764,674,1601,1562,502,2700,1056,1121,1113,1510,3580,389,1779,1129,3084,919,830,1493,1841,1546,697,790,1147,2392,502,1316,993,1399,808,1061,741,543,451,2716,2560,1005,832,1027,1072,1239,1348,456,892,1552,757,3614,342,591,1375,975,1047,1502,267,310,1470,1709,922,932,863,492,829,1159,1073,1405,5259,2813,1518,1270,566,978,1238,1094,485,1353,954,2045,485,821,1020,1937,926,1530,1181,1626,1566,421,771,1717,636,827,4191,577,1949,888,623,1109,3749,2202,1874,2378,915,4233,2420,1826,2209,1331,2597,630,1224,515,710,2728,192,1315,424,3074,2537,2846,1129,3053,1019,492,2308,880,728,1089,3544,1171,1842,2426,422,3097,1108,992,4396,4509,1138,1355,522,293,2362,2180,628,1154,813,1186,1805,3127,473,405,1241,628,608,631,2538,1281,478,2122,973,2887,845,3443,755,692,552,1625,4080,2832,1428,749,926,728,880,789,605,2126,997,1026,1359,2050,783,868,367,2172,648,785,2119,976,1118,4215,428,956,190,929,769,2834,1028,1204,862,1576,667,1204,557,980,1605,582,718,808,165,2785,2913,2584,2082,1564,877,4114,2634,713,1594,484,580,952,1600,718,1495,1058,5774,1569,2492,2248,2051,1953,2396,1657,1544,1212,971,941,994,48,1480,1343,521,810,605,5094,1319,1017,1323,2049,1179,5732,1245,2575,1555,897,376,2269,510,415,770,1059,1135,597,3029,721,1742,696,1211,1044,1782,1907,576,963,292,1443,1741,2765,1109,510,2906,2211,3268,1407,416,915,664,24,1284,627,1605,628,774,3446,1715,523,793,1682,1594,2676,803,572,1919,1080,741,2337,816,1043,1078,732,835,1929,720,1007,1182,850,2407,1460,466,775,1467,1379,725,428,334,730,809,1893,654,590,1526,2232,332,812,537,1279,2677,956,987,1516,1580,1647,664,910,2120,2814,660,494,998,600,599,816,1030,569,926,2130,584,682,579,811,1265,950,800,581,1799,2503,1162,1082,1354,5928,910,1124,1081,895,1873,1515,412,1328,845,512,709,496,2276,1263,2060,1023,636,1559,319,486,299,2025,619,955,783,3783,2582,5602,1425,1290,420,782,341,955,1051,356,1026,610,557,1999,848,581,1621,1893,1125,1546,2102,1698,816,2268,819,833,405,3561,3164,378,1298,919,5801,1731,1911,594,429,1762,853,1009,1002,2449,1398,434,415,584,1268,1526,1770,2000,1009,1794,574,1320,2235,974,519,1015,826,1325,548,507,1997,900,767,1377,2554,644,712,775,757,3351,984,584,1472,3255,772,885,801,1870,1031,531,1590,534,883,735,1504,1800,712,1375,2610,1002,1101,2171,1601,602,509,490,550,527,1523,1651,2235,1323,1099,541,1119,4896,1109,896,357,3013,4724,1543,657,2809,608,603,970,555,3034,1363,788,888,587,2391,443,3036,1537,2147,1375,737,654,2193,3001,1439,357,2016,1166,1602,524,1979,334,377,771,601,362,868,563,1786,438,437,2207,437,1662,1435,3385,1408,372,827,1157,1665,547,2187,989,694,1594,1342,3377,2916,1139,2535,1730,895,317,703,1239,1309,2087,917,1185,762,3032,1657,880,1340,437,1412,1949,1250,1130,1653,659,988,1088,542,553,314,1051,559,981,411,3038,323,274,1672,759,775,1187,1010,1173,2812,631,840,1596,1447,1153,586,503,2342,2563,439,648,1775,1903,703,1167,532,834,1169,85,491,2783,513,411,722,1223,1950,3105,1195,410,813,3421,3987,325,433,233,945,1349,2925,1023,459,2739,1067,1538,1302,1705,757,916,974,650,974,597,627,683,1366,678,5044,1703,1782,811,298,697,987,95,2131,700,6251,1034,937,382,896,616,1008,2021,1659,518,1117,7436,1925,2203,667,2160,342,935,1361,2611,1029,2323,1068,1683,962,1054,584,1228,1632,595,1053,3334,1365,1303,3603,301,1461,601,877,400,1790,2188,3095,991,1148,959,598,610,1186,1414,539,404,672,399,1165,935,834,937,2445,966,926,571,2907,2816,630,1716,3150,1921,1270,196,1315,1077,3201,2721,2890,529,1032,1377,1904,306,1758,1870,476,1346,3981,1237,1436,1044,2482,622,393,2194,859,2576,464,485,814,741,2554,442,3308,188,373,743,1313,757,1520,1256,1000,2791,4557,704,738,1860,671,1796,1172,616,1740,1126,1406,857,582,1012,213,1172,537,477,631,685,1030,215,2183,4857,742,760,866,1368,1005,533,1350,397,1592,972,687,608,1866,512,470,604,1197,744,1707,1054,1723,1404,840,936,613,3886,2138,675,780,637,3139,2007,1145,1859,1513,1291,492,994,886,565,698,1795,709,1053
2_SF3B1,504,805,588,610,543,592,442,411,496,699,617,163,1117,495,684,565,942,276,677,299,541,990,155,759,989,322,401,238,530,801,1357,361,663,170,608,589,354,670,565,1192,761,1233,1539,521,2153,286,172,849,325,274,725,278,679,199,676,459,806,320,902,304,377,714,790,216,1821,287,240,328,422,2058,418,501,181,855,312,498,818,456,328,604,579,326,859,694,351,386,237,327,1427,700,220,213,443,1403,386,1012,204,245,979,495,776,830,476,508,191,409,246,518,409,720,807,354,1379,627,658,881,253,720,538,204,284,891,345,690,638,557,224,462,1055,710,939,264,701,745,347,727,422,646,247,734,344,1166,373,746,1167,114,186,373,562,777,134,1223,926,686,1128,584,430,367,821,439,357,318,177,356,328,1551,859,378,317,571,2156,437,591,343,111,374,662,116,226,608,326,896,227,2045,892,369,1064,588,377,319,336,697,681,539,846,402,307,843,243,1642,663,518,2051,549,136,373,0,241,822,128,756,951,319,1621,327,404,360,893,569,759,340,548,311,1056,730,987,687,1499,195,474,581,771,546,680,368,300,743,586,964,303,842,294,375,570,499,236,280,495,697,685,463,157,206,669,328,470,635,638,243,467,253,203,697,357,818,3448,453,549,583,408,668,958,591,299,334,554,1809,386,308,418,398,179,344,328,378,575,407,996,1270,804,362,460,896,429,856,749,177,964,521,331,240,319,1073,547,746,399,295,287,389,338,798,552,365,1261,992,684,1535,255,265,248,465,357,768,372,219,292,182,286,377,631,686,903,1353,202,537,999,416,579,316,1683,607,218,10,1857,215,2960,564,948,1313,1507,1456,238,437,793,347,267,1178,482,516,381,524,716,1086,243,520,841,991,234,128,160,383,305,427,682,753,838,836,590,323,612,250,469,569,328,201,547,833,228,342,394,318,165,864,265,1579,361,670,189,1101,1028,615,1119,519,536,330,866,584,942,529,516,353,724,77,266,311,352,414,763,596,387,166,230,268,231,541,297,749,323,450,777,2089,800,149,393,454,598,542,363,1393,167,669,434,836,292,286,1918,487,406,1919,162,908,353,215,593,320,875,291,300,675,442,447,318,188,1125,505,1586,235,944,444,325,439,261,319,933,404,1100,869,369,550,535,495,417,655,320,725,431,622,351,580,606,477,277,456,372,373,786,412,203,1016,1334,955,425,756,514,1165,455,468,501,317,406,1211,297,673,480,558,388,1202,654,529,175,573,550,145,436,329,541,705,771,686,956,290,810,1426,413,802,300,811,510,258,613,655,1422,717,484,594,1008,585,1249,298,151,505,259,256,212,1210,186,747,371,352,500,315,591,711,555,630,507,231,273,1956,1166,738,271,741,297,556,1204,402,294,336,603,978,468,1340,184,1116,732,363,778,309,541,698,1602,420,1562,227,158,295,913,836,238,319,428,1188,544,788,359,205,1021,1032,199,643,841,255,311,202,199,333,1754,604,683,996,315,490,508,472,519,416,213,478,150,623,713,306,294,472,482,841,462,1575,261,937,458,1175,217,535,1531,379,795,183,349,312,429,1311,1317,556,482,251,1278,251,611,600,2421,250,1022,705,501,1348,431,583,160,495,203,159,539,465,391,236,839,680,555,1488,657,783,194,689,590,254,364,325,571,666,515,765,958,249,1286,236,166,823,817,952,404,639,342,279,498,1175,457,713,999,273,618,346,551,280,460,1021,281,728,165,223,205,426,418,412,156,2516,290,249,552,827,868,531,1039,945,1391,307,257,463,875,1176,410,1682,526,416,872,851,817,328,240,225,414,743,908,541,370,461,365,647,304,335,234,467,213,301,378,212,163,566,744,1928,237,1373,830,532,446,444,542,339,191,460,394,522,174,987,231,185,451,340,1019,371,173,218,1015,479,985,625,558,657,633,1108,240,319,1209,218,163,1770,340,768,201,607,331,191,277,411,508,479,151,719,367,582,1097,1264,296,602,2228,1915,549,481,814,665,536,773,305,733,242,418,265,977,299,595,455,125,870,192,1635,278,526,1548,329,788,367,398,271,568,526,763,216,181,416,681,312,453,532,376,675,627,246,473,219,709,614,338,1067,975,387,180,534,819,1137,49,675,1463,440,786,422,377,392,435,630,435,481,513,343,494,745,775,906,368,211,565,785,409,240,972,627,185,443,448,229,206,688,262,540,490,347,1601,288,552,404,450,462,620,558,1554,420,225,581,1450,1342,501,810,258,924,480,954,146,1542,976,586,647,647,467,334,476,429,890,225,1263,251,1035,298,187,1570,363,1092,358,510,351,386,299,802,340,227,380,258,1455,1060,495,490,296,315,266,618,443,636,1746,221,449,309,344,2287,216,508,320,391,685,252,1045,495,327,206,156,750,230,577,287,353,462,282,669,409,747,116,494,309,625,1117,361,889,447,878,582,383,843,434,580,2288,530,651,434,522,204,361,387,232,403,358,752,393,931,607,418,504,618,185,717,615,1079,568,994,307,394,702,501,605,423,500,126,809,554,337,200,81,325,726,1252,645,584,296,432,638,338,873,421,528,383,343,253,79,499,754,398,301,295,700,1192,309,372,502,251,541,428,1101,213,228,957,447,337,1194,491,360,229,952,653,639,625,614,412,1014,272,511,349,189,1269,274,114,403,735,321,269,1099,318,578,214,411,509,610,332,1253,290,172,364,699,378,396,440,1098,1692,1024,1440,607,11,408,868,893,326,265,131,734,754,653,881,199,513,538,505,813,525,926,206,666,470,335,537,998,467,210,279,614,467,279,459,508,1108,394,729,467,705,503,1237,300,299,983,478,1272,692,407,194,597,970,345,249,684,427,1349,519,248,334,150,464,328,826,316,479,526,672,776,512,1376,181,310,752,83,998,828,168,434,765,387,478,1851,1122,725,668,690,1323,192,434,267,515,411,1104,132,439,647,1515,911,395,1300,206,1184,527,306,178,580,268,511,639,437,651,197,1091,437,399,415,651,313,172,183,307,1454,566,568,240,261,291,788,415,473,696,207,423,327,488,736,570,295,865,351,235,477,671,452,452,305,280,1256,1007,254,293,300,577,461,327,316,641,389,288,483,285,1652,288,411,879,824,635,1435,1000,252,497,403,492,331,230,443,202,249,994,179,1121,659,297,1051,981,1575,1125,221,217,213,323,401,793,261,740,494,835,248,586,359,689,194,243,1080,1567,837,907,185,246,320,1079,275,473,381,290,925,110,376,197,728,727,357,677,177,474,1143,599,1328,263,333,411,297,704,1771,344,285,266,549,424,374,585,1031,284,240,287,205,500,52,214,575,876,696,522,192,924,353,773,351,1072,526,292,1372,278,516,261,685,332,600,219,825,425,323,278,260,171,873,384,182,336,262,751,695,772,129,326,768,123,851,880,252,832,217,218,1263,743,722,328,368,567,318,414,206,447,347,673,221,253,811,800,510,547,684,375,135,166,305,674,829,1431,1152,246,338,257,1835,358,494,383,594,330,305,245,300,182,841,330,289,1063,241,293,284,1919,888,696,379,857,199,290,951,240,647,332,726,358,370,954,559,175,338,306,872,1103,204,665,123,497,304,550,467,2095,517,1136,361,696,937,998,538,530,385,875,441,726,423,511,451,396,496,332,266,374,286,118,495,476,971,748,457,453,240,833,502,382,858,615,437,162,631,1004,590,312,1046,669,925,467,199,497,208,445,420,672,549,735,686,1103,291,1090,392,732,437,418,761,628,1444,560,1320,677,380,1307,584,343,244,395,469,661,200,417,463,1788,766,453,271,480,229,156,450,192,455,374,825,611,541,430,873,214,698,424,626,313,851,837,721,264,771,657,1641,668,806,676,222,1290,309,193,521,320,345,214,2457,406,1126,810,486,678,74,1097,202,272,175,662,328,585,269,267,1087,578,559,252,207,1149,1453,630,455,837,647,344,241,429,322,329,1015,545,341,211,1046,289,854,321,424,1154,410,1523,333,2181,883,903,466,673,393,739,740,293,996,377,1895,493,973,383,1050,445,695,358,431,526,220,286,441,767,444,399,1093,1046,859,1486,408,628,1533,597,555,269,336,367,198,488,1000,71,360,270,1747,451,225,672,765,860,128,178,300,367,282,915,723,527,352,532,2302,484,347,408,543,1320,972,193,275,469,699,450,240,2161,491,1025,137,498,284,673,649,647,1341,407,1118,576,515,501,204,186,560,225,535,1366,275,1359,309,491,657,276,858,1132,506,385,843,1278,717,1209,701,713,828,485,185,453,228,469,386,172,1395,357,182,410,520,533,443,1095,486,306,510,1051,514,201,1842,201,1965,566,730,416,561,463,386,223,361,514,233,436,227,386,740,689,1108,688,488,291,472,583,439,841,423,1565,325,619,1374,352,1053,946,1095,362,292,1356,491,315,267,305,328,463,462,297,189,659,791,421,360,1079,696,264,792,759,339,541,758,1801,520,331,333,301,582,284,311,92,383,673,501,262,321,295,319,963,291,531,622,187,591,226,661,785,413,261,700,1192,878,566,493,186,704,629,622,3497,172,280,164,808,376,662,313,1258,158,373,485,536,258,211,561,276,603,1142,253,591,306,299,891,1117,270,719,446,393,432,559,884,432,422,609,463,761,493,480,781,997,262,683,225,728,448,812,544,669,697,569,752,196,560,285,324,381,108,217,213,1271,1189,563,1108,697,953,451,543,178,476,1461,656,1035,352,405,517,878,463,164,258,200,977,676,501,733,252,1108,587,344,897,671,232,312,478,645,927,313,250,523,330,324,225,572,541,284,1498,532,597,779,464,1329,313,640,628,1518,1045,101,243,794,919,308,449,517,1240,230,652,419,474,336,319,693,229,571,626,836,428,326,697,515,416,391,290,680,855,175,851,320,417,564,304,395,840,239,276,705,433,482,450,274,398,743,1020,241,970,1702,1570,542,432,375,261,892,368,316,654,858,497,223,448,429,418,309,559,640,803,743,380,441,665,385,323,694,203,575,295,569,268,1281,689,772,887,398,1821,448,678,682,435,807,182,398,305,280,578,279,433,563,740,1264,559,553,1257,937,262,486,585,220,391,1069,350,474,684,287,928,707,218,1661,1983,405,231,196,341,806,552,413,583,564,299,604,805,228,407,222,214,313,765,1026,566,221,1126,314,1185,449,730,449,433,236,740,1954,1444,631,868,648,140,621,527,380,1029,780,449,702,819,325,553,202,909,347,455,647,467,1221,1649,749,476,453,866,508,1244,655,514,300,733,284,499,186,359,284,343,846,295,262,1107,1603,625,748,480,118,1261,722,360,524,288,835,377,788,338,613,679,1593,994,936,608,458,961,1138,1026,597,457,789,687,232,465,1231,485,369,476,331,2346,594,762,357,1397,666,2034,870,539,541,386,333,645,269,303,579,566,567,381,1378,263,410,273,284,698,605,519,53,326,164,590,1093,1286,769,213,1301,529,1147,721,226,1019,228,231,713,302,899,447,511,1261,552,255,112,758,605,640,312,219,354,688,312,1513,328,315,755,291,574,734,691,480,489,420,606,524,202,173,878,555,647,203,775,309,242,889,166,366,689,752,102,307,263,402,1090,710,725,620,621,387,475,700,922,1041,235,251,652,354,209,526,653,435,563,766,244,294,358,628,600,636,352,221,801,814,397,520,712,2093,587,546,628,484,957,561,203,1052,280,318,350,276,1270,362,405,487,318,681,345,360,356,773,259,903,389,1358,732,1886,480,320,152,539,120,445,663,836,480,207,238,1104,468,145,712,966,751,364,662,731,373,773,161,230,268,1161,1153,294,645,680,2099,513,343,224,270,428,427,383,620,967,925,302,562,224,608,617,702,837,487,641,221,512,859,959,134,602,299,872,146,223,310,541,430,464,1258,143,346,277,352,1235,547,309,603,1356,338,193,296,512,675,244,533,246,436,423,478,485,608,705,635,428,810,777,832,401,413,258,404,219,490,872,857,188,305,166,298,2217,642,487,622,1419,1343,784,698,1647,611,150,266,158,801,775,398,442,265,994,329,756,716,516,805,247,545,865,1509,433,291,753,559,469,230,856,526,349,217,406,214,251,490,204,315,345,814,229,828,530,1099,965,314,429,315,533,193,705,604,294,695,502,1455,731,291,1013,324,438,412,391,463,521,1647,347,482,359,667,434,681,433,229,943,629,413,176,373,374,467,541,475,414,203,320,170,399,187,649,316,169,790,270,326,488,546,561,1353,235,277,511,746,912,271,487,936,981,326,573,841,825,224,834,202,383,585,261,281,754,287,235,384,702,371,634,426,238,341,1482,2321,344,285,288,507,473,1835,585,353,704,382,666,746,489,363,524,607,244,258,352,242,246,454,350,2401,496,771,314,240,296,294,193,774,269,4293,681,422,271,400,270,292,636,678,354,452,3707,950,1469,282,530,402,419,727,966,687,1273,367,555,215,557,253,440,413,289,410,749,679,354,794,391,511,428,382,248,629,931,1199,364,515,815,681,275,523,792,349,157,221,235,547,347,261,568,791,580,756,383,751,1138,355,881,798,985,491,400,374,345,1415,551,995,301,488,478,719,343,453,357,329,621,1198,791,818,257,1325,415,237,904,766,735,759,260,237,351,755,350,1163,613,410,219,546,306,374,337,335,898,1000,473,347,732,176,990,441,140,590,367,194,380,375,536,207,439,198,308,178,485,514,359,526,1506,364,511,509,475,817,240,243,242,855,376,226,429,620,213,266,311,57,418,630,172,817,849,746,334,187,1345,552,746,698,528,1073,628,593,446,707,426,161,483,166,346,565,669,302,706
2_IDH1,12,43,18,23,10,16,11,9,9,26,20,8,289,11,12,20,30,8,15,2,21,29,5,28,87,17,5,1,23,21,45,15,7,6,21,32,2,20,18,21,15,30,35,19,65,6,7,19,5,12,36,34,53,7,64,16,36,29,20,14,26,27,40,6,114,6,7,7,4,40,12,26,14,57,16,11,23,12,11,14,37,4,6,27,45,8,29,4,50,18,7,9,16,29,19,101,10,8,27,20,9,17,20,11,25,16,15,4,12,52,18,15,43,30,19,35,6,22,7,10,44,28,21,16,10,12,9,23,31,30,18,8,7,14,13,17,11,15,10,40,8,18,18,35,59,3,3,12,35,6,9,29,33,14,20,17,5,13,33,19,7,15,19,11,6,61,14,20,8,17,43,7,12,10,5,14,18,7,6,12,10,53,2,64,35,25,22,22,11,16,11,32,9,8,19,14,11,13,13,39,22,10,69,15,3,5,1,15,31,1,14,8,8,50,6,21,16,16,16,47,28,27,12,29,27,37,15,66,5,15,35,43,329,19,11,8,15,16,25,7,6,6,10,10,7,18,5,25,16,14,12,14,13,9,26,20,19,10,14,7,15,19,4,26,14,114,17,1,19,20,36,50,9,8,20,16,175,8,13,25,21,9,11,64,2,12,13,6,33,14,4,15,101,18,45,8,14,40,33,3,1,7,15,13,14,7,17,4,12,15,50,26,38,940,147,15,35,62,10,16,24,5,28,4,27,20,2,13,6,7,67,39,22,6,13,21,15,17,13,86,20,7,10,144,21,70,23,24,42,37,28,5,5,17,9,5,52,9,17,3,14,132,16,7,13,83,17,26,19,22,10,3,18,29,19,17,28,18,16,10,14,15,19,5,6,100,22,5,24,83,9,8,20,5,38,20,30,6,29,15,6,29,14,12,19,47,18,33,101,19,15,14,10,11,3,14,17,10,9,12,9,13,10,26,32,8,50,9,6,34,50,316,9,22,12,47,14,10,24,10,8,22,15,7,8,381,15,9,47,6,28,7,8,19,22,9,13,10,17,32,20,11,4,39,15,40,6,24,16,19,21,9,8,58,13,13,24,8,7,19,12,20,13,28,21,16,28,6,21,29,17,18,15,14,10,52,18,3,25,14,14,11,39,16,55,19,15,13,5,21,46,28,22,15,22,14,184,17,8,4,7,13,5,11,20,24,27,12,6,14,10,21,39,14,39,8,33,28,24,12,21,37,14,21,12,29,27,38,6,2,16,18,35,2,24,12,14,23,11,18,8,13,18,4,29,14,12,11,98,8,13,23,31,29,30,47,17,7,10,21,18,19,43,10,43,17,27,9,60,90,51,94,12,45,7,9,8,29,25,11,9,6,33,16,16,32,6,23,22,20,15,27,7,11,6,13,6,124,14,26,25,9,15,16,15,6,10,3,45,5,19,16,1,8,6,16,28,11,42,7,19,16,48,10,28,19,14,16,6,9,6,8,26,38,19,2,6,17,8,16,6,379,20,41,41,31,63,13,20,11,33,33,8,13,34,21,7,32,191,32,44,10,19,21,20,9,5,24,7,7,15,24,27,16,9,116,9,10,17,15,34,13,20,30,9,15,4,8,31,38,4,9,11,11,5,6,25,12,30,13,56,7,11,16,11,13,36,9,7,12,3,25,21,11,13,25,4,7,29,16,263,5,40,34,23,59,22,23,8,12,12,27,17,106,25,12,29,23,11,15,25,10,22,10,21,12,18,8,9,10,34,8,16,20,7,14,11,28,16,7,8,11,8,14,16,20,4,14,1,35,11,7,28,25,17,45,117,24,32,6,19,16,14,42,9,8,15,15,195,16,12,5,8,18,10,4,20,8,13,3,7,25,64,9,16,665,74,20,25,17,26,8,18,6,28,18,14,7,23,21,14,28,6,262,8,38,26,59,20,13,39,7,10,8,27,17,37,8,6,7,5,4,5,33,5,6,9,20,18,13,15,55,3,138,38,6,2,11,15,77,12,8,56,11,39,5,8,7,46,20,24,44,5,8,20,25,37,36,35,7,20,13,14,13,32,37,21,3,8,4,13,10,3,9,21,13,27,18,10,14,19,6,11,14,23,19,8,86,29,33,25,37,10,42,33,21,3,40,44,32,19,37,10,4,11,14,4,14,22,6,21,9,10,19,14,17,6,34,22,10,11,26,54,3,6,12,37,20,16,7,2,18,4,17,15,35,44,17,11,6,6,862,16,23,5,19,18,6,52,25,17,8,10,40,14,40,4,5,14,3,18,14,17,29,18,31,26,13,12,14,10,13,13,17,20,11,12,81,14,12,14,8,6,14,12,13,15,30,18,15,28,12,6,16,18,3,16,9,52,11,15,4,12,20,12,13,18,9,9,8,27,7,9,12,18,9,13,24,18,10,11,10,10,74,15,9,29,23,10,13,9,30,10,15,8,40,20,38,42,10,6,11,40,23,18,4,9,22,7,13,23,7,22,52,14,20,9,37,15,13,3,9,9,11,16,15,9,7,24,9,7,32,13,11,4,22,24,12,9,68,19,15,83,7,7,22,22,19,52,25,18,13,33,13,22,33,6,20,4,25,15,11,11,6,12,16,9,32,13,38,3,8,25,10,18,21,19,4,21,10,8,7,14,8,36,14,30,65,25,19,192,7,25,37,7,18,25,12,9,13,45,14,2,18,16,22,14,3,15,16,26,18,116,3,8,10,27,32,8,70,16,19,8,11,8,31,11,15,25,6,19,81,27,26,9,20,71,8,7,13,17,5,9,3,11,26,26,40,5,20,9,59,32,12,17,37,6,31,38,2,8,10,15,13,79,13,31,10,5,13,8,55,13,47,7,9,6,12,17,10,12,4,6,4,7,25,8,9,16,5,2,17,23,10,18,17,10,73,21,27,22,3,10,14,7,10,14,4,2,23,7,34,8,16,62,20,15,38,28,7,25,7,17,6,14,9,11,25,25,51,32,7,16,9,21,38,31,27,14,9,34,13,28,16,34,7,25,16,16,1,27,2,9,249,53,9,15,5,15,42,48,24,11,7,5,32,3,9,11,7,20,12,9,11,11,53,23,22,6,6,19,8,15,36,39,15,6,17,3,13,21,47,12,9,17,1,19,11,10,14,38,16,11,3,43,14,25,7,16,30,20,19,8,8,21,17,12,22,13,22,10,14,8,15,21,13,3,17,15,19,43,20,24,6,15,22,14,8,16,23,13,7,10,37,25,16,4,10,20,21,12,12,3,6,14,7,24,14,37,9,22,8,22,5,9,8,8,15,23,115,7,26,18,29,4,20,6,11,7,13,7,18,13,77,4,25,21,7,18,12,39,39,44,26,40,19,18,17,9,9,15,19,17,6,43,18,11,12,5,10,15,21,27,14,18,3,14,18,63,24,22,9,17,24,29,12,10,4,18,21,17,16,22,28,7,10,16,8,11,7,1,9,7,24,15,25,20,12,26,18,3,28,17,5,8,20,15,7,8,51,32,19,11,5,4,2,25,1,44,51,18,15,28,5,30,1,21,44,15,15,13,21,24,30,22,17,27,12,9,9,12,13,9,16,22,1,73,48,17,17,11,16,20,7,9,8,5,39,28,16,10,34,2,18,12,20,8,129,18,166,5,51,19,250,3,24,27,18,34,18,12,20,5,57,4,41,7,33,19,23,17,18,22,8,39,11,24,10,12,15,14,44,18,13,19,8,17,61,17,20,89,14,14,11,18,18,30,15,16,17,17,31,13,7,31,13,78,10,89,13,41,12,21,10,8,14,4,15,16,25,19,42,11,30,11,34,13,11,63,9,8,20,5,13,22,6,21,53,27,12,34,35,20,35,20,17,14,16,16,32,20,27,19,11,9,38,8,36,17,36,34,4,1,12,12,5,26,21,5,4,9,147,20,18,6,17,20,18,5,12,10,46,21,2,87,5,57,14,8,11,17,29,31,21,33,45,15,5,4,10,8,19,15,11,64,19,19,5,14,25,7,14,56,19,4,50,38,25,40,16,6,18,12,7,8,21,11,14,9,29,13,2,13,15,18,8,52,17,11,11,34,12,4,39,17,21,7,53,12,19,35,7,8,31,22,10,1,7,7,13,17,48,23,23,31,31,7,13,23,11,87,10,17,67,11,14,9,127,19,20,133,7,12,10,25,13,18,13,5,27,27,29,9,13,50,31,3,10,42,15,16,47,353,24,15,9,5,19,15,13,22,6,6,18,20,17,5,11,11,6,12,21,8,19,7,30,24,9,6,12,31,25,18,21,13,10,19,31,174,12,23,19,15,19,30,16,45,19,22,77,17,12,6,15,15,9,14,10,8,12,12,11,7,10,31,18,29,14,17,15,9,15,32,10,22,3,13,10,7,10,14,8,18,27,22,6,12,20,32,27,18,5,17,29,14,3,15,21,35,37,22,22,5,13,33,29,23,7,34,51,11,22,10,25,14,13,2,5,7,16,91,37,12,6,42,17,22,24,24,11,9,12,48,13,17,7,12,11,32,19,18,13,16,28,7,21,16,12,15,9,41,17,11,14,6,10,14,25,16,2,13,14,3,28,24,8,16,10,19,11,24,14,26,14,7,20,16,20,10,6,15,20,28,153,26,7,10,5,11,57,9,10,44,28,20,11,11,19,26,19,6,14,62,42,9,9,10,8,29,7,11,31,30,26,17,10,9,7,20,22,25,12,48,5,46,19,11,12,101,16,5,6,7,24,50,40,24,35,13,22,38,18,37,20,28,16,4,4,11,12,9,20,10,34,251,19,27,47,24,3,10,11,11,1,38,11,5,9,10,38,11,21,68,24,9,6,4,41,25,9,5,50,44,26,21,41,24,3,12,11,19,17,47,9,9,27,13,26,5,370,11,12,17,86,41,28,9,3,11,7,6,10,6,31,39,11,16,43,9,17,12,19,13,21,27,20,51,121,19,18,26,12,8,56,15,28,12,15,21,10,39,8,77,14,10,11,9,21,30,16,22,10,7,41,21,16,11,13,32,6,31,5,38,19,252,16,55,40,10,17,20,21,23,15,15,18,9,29,117,35,10,10,8,1980,14,16,16,14,18,83,17,25,16,7,18,11,3,7,18,21,11,10,11,8,11,5,9,16,13,5,25,12,6,32,29,12,80,6,17,29,22,16,24,25,8,24,9,4,16,12,8,15,17,4,8,27,20,53,24,11,12,11,9,63,4,6,22,8,4,19,10,13,36,13,25,43,11,20,22,13,22,30,38,9,2,50,22,18,19,13,6,5,5,17,23,25,6,19,9,17,15,19,15,50,64,8,23,5,36,21,17,5,23,21,19,1,14,3,26,14,34,2,29,26,27,20,13,45,4,4,5,16,37,21,13,22,5,7,16,9,129,31,7,14,21,16,27,9,2,22,5,8,9,43,25,72,27,6,10,18,4,41,10,18,17,6,4,17,15,14,9,30,23,9,20,11,17,25,24,1,5,63,33,10,9,22,50,50,10,14,7,11,19,44,8,25,16,6,14,10,40,35,12,41,7,14,25,32,26,24,11,11,9,4,10,14,17,41,10,8,57,4,12,21,8,13,10,10,10,94,4,12,9,11,28,16,8,6,31,27,18,81,35,17,30,7,40,29,11,16,21,15,11,16,10,24,16,23,26,6,15,33,43,7,12,14,25,14,12,34,32,3,10,16,31,38,3,15,11,15,40,25,13,19,10,16,8,30,109,27,24,23,21,12,12,18,7,10,5,4,7,14,17,7,22,8,26,3,19,12,23,32,5,7,19,8,1,24,16,5,18,20,66,19,16,17,31,7,5,13,18,4,25,4,25,7,14,18,38,82,9,35,17,15,3,10,13,13,7,10,20,1,4,4,32,17,18,6,3,7,11,7,30,11,10,28,13,54,30,12,26,8,18,22,18,13,16,36,33,9,18,11,22,39,11,12,31,9,11,13,5,21,45,5,15,25,217,70,14,22,9,9,17,49,16,7,16,4,17,9,24,26,17,13,10,22,7,5,5,31,12,78,11,9,39,16,2,10,12,81,13,654,17,33,17,7,9,8,18,72,27,9,497,30,18,7,32,20,32,42,78,15,7,4,18,39,9,8,16,21,9,12,22,12,6,38,6,26,19,3,4,22,26,31,12,9,36,9,9,9,10,7,6,54,6,38,6,3,14,15,17,5,11,20,101,21,6,19,49,18,9,17,37,55,92,30,14,15,10,7,3,17,25,20,24,21,38,24,11,17,8,4,8,17,29,42,6,15,40,16,21,28,20,7,14,13,31,12,3,7,16,78,5,5,40,9,15,17,4,14,21,18,11,40,15,5,5,24,19,8,35,20,13,16,124,17,9,26,12,15,8,16,3,16,27,3,4,30,9,10,13,8,17,6,6,18,7,12,10,6,50,29,11,29,14,29,40,10,110,89,9,13,23,7,32,23,13,7,23
3_GATA2,7,62,3,32,37,27,4,33,20,18,38,41,101,23,66,2,55,3,18,5,47,65,24,68,63,16,1,22,15,89,81,74,4,3,31,44,3,24,4,2,92,116,128,22,139,20,11,74,8,1,36,0,17,33,113,65,25,0,30,1,21,100,56,15,122,16,29,6,36,36,12,51,23,22,15,11,33,0,15,1,0,1,84,21,18,86,11,13,48,2,2,0,26,177,27,40,10,19,9,1,25,5,32,64,22,12,19,1,6,55,15,19,64,40,23,36,17,1,26,1,72,69,47,1,64,12,4,3,68,40,4,7,38,91,8,55,1,46,6,75,0,118,11,72,0,0,13,1,15,42,29,192,48,24,63,63,1,6,44,24,26,7,39,44,37,109,1,11,18,38,2,37,61,29,4,20,27,0,33,17,65,47,19,201,28,9,19,7,19,69,3,1,48,9,6,21,2,30,20,112,15,5,91,7,6,16,26,22,29,6,29,42,22,51,19,20,39,66,17,5,86,32,6,12,0,0,90,129,12,66,8,42,18,52,35,4,10,13,31,26,69,11,21,26,46,20,1,3,41,41,8,9,5,28,14,45,15,24,6,32,8,16,63,19,53,188,35,16,58,3,117,49,2,64,1,109,95,42,6,1,2,9,14,24,28,1,12,101,53,33,4,75,187,33,46,12,15,59,16,9,27,8,0,47,50,74,4,24,17,1,103,25,24,116,99,11,30,4,13,44,8,95,18,23,47,29,12,29,9,71,109,71,2,9,62,31,5,1,17,103,2,22,0,56,24,201,11,6,24,123,3,30,34,36,24,27,68,33,24,4,1,30,20,20,38,57,8,11,12,0,30,30,13,41,22,14,32,25,12,69,18,0,10,8,8,8,85,26,2,0,14,18,35,29,34,13,20,36,59,9,1,6,19,41,21,7,1,88,28,52,17,21,1,6,11,22,21,64,6,25,19,14,2,38,3,1,77,75,7,57,209,69,4,28,2,38,28,11,137,32,30,23,25,2,11,27,3,31,54,36,41,8,3,17,0,25,9,22,39,20,0,1,41,61,21,137,5,23,9,2,33,20,29,26,16,34,37,37,31,6,3,23,37,5,1,21,11,46,14,67,54,3,59,36,7,45,2,0,25,76,0,28,35,46,63,43,1,5,23,15,1,8,17,26,14,0,13,4,6,16,81,9,46,53,1,17,5,1,45,18,1,48,7,8,55,29,43,21,25,5,74,50,4,1,33,64,0,49,3,1,7,8,19,14,6,28,54,6,2,14,2,43,26,72,0,10,17,23,36,49,43,21,24,12,6,25,18,30,16,21,42,10,17,5,56,86,36,5,23,33,74,119,80,76,10,18,3,53,3,15,27,5,155,24,16,28,10,59,95,3,15,98,18,28,25,0,38,0,58,21,9,5,7,33,8,37,53,9,39,2,7,9,5,20,60,19,42,2,123,35,73,62,101,1,0,129,13,81,11,0,14,10,73,106,7,20,62,47,11,33,14,92,30,87,1,4,103,0,31,51,44,63,24,4,3,15,3,19,90,13,44,54,71,20,59,2,14,74,6,32,21,64,2,36,9,2,42,51,5,28,26,0,1,34,12,42,49,6,57,51,1,23,14,81,19,13,45,31,9,2,22,33,18,0,28,9,0,4,14,1,49,21,13,1,1,12,38,14,7,95,56,5,18,116,3,43,47,54,17,16,2,1,2,58,40,10,33,14,8,1,2,28,1,0,21,18,15,2,0,9,88,65,7,38,1,32,11,2,1,27,0,18,21,18,155,0,1,14,35,1,14,12,60,1,60,34,33,6,21,9,13,6,7,182,1,6,4,11,101,3,43,5,3,1,5,62,9,15,0,34,35,70,86,20,0,99,224,148,0,0,9,27,65,36,35,14,1,15,68,1,0,0,30,121,4,12,10,0,110,67,2,51,33,1,35,58,3,9,18,34,23,1,0,45,26,21,47,0,12,10,50,45,10,70,67,36,9,38,113,45,126,107,155,9,73,17,19,20,1,12,29,18,22,19,63,71,15,84,12,7,36,76,9,15,74,1,23,11,17,11,0,26,14,77,32,2,145,18,20,31,9,8,1,40,137,12,10,125,33,56,8,58,2,30,17,39,19,101,46,28,50,37,17,17,38,20,78,2,69,30,106,20,16,97,0,63,1,19,64,31,35,33,60,15,21,26,25,92,17,15,4,0,18,0,7,13,0,9,0,44,0,126,4,33,15,5,69,0,57,0,11,8,18,53,14,8,8,21,40,3,18,3,61,89,16,6,58,48,13,47,47,9,5,15,89,4,25,190,25,74,7,28,1,6,8,6,8,15,19,43,46,8,56,63,35,14,80,5,95,6,32,20,0,15,0,18,47,19,23,28,11,5,7,21,15,144,58,36,0,0,0,10,53,26,56,6,0,8,10,43,9,71,4,122,24,57,45,31,34,1,10,24,2,61,3,5,63,16,39,60,2,4,39,46,32,149,0,11,16,33,1,24,17,12,1,6,9,1,29,10,25,0,13,45,50,67,4,2,45,65,27,44,75,2,62,61,78,0,94,66,48,10,90,24,0,96,8,10,3,5,0,2,63,3,63,9,3,39,25,33,7,27,170,24,38,72,22,7,0,20,0,24,46,26,101,13,19,28,0,53,31,18,0,57,4,102,0,9,14,39,87,0,4,14,83,78,27,25,69,0,19,84,41,0,6,76,10,81,59,151,3,5,14,7,39,35,32,30,31,30,27,60,104,28,0,37,29,59,15,13,8,30,63,6,8,2,128,32,38,3,10,67,5,11,1,48,6,11,17,12,25,30,37,34,26,34,13,75,10,11,18,24,4,38,0,0,1,13,45,1,44,3,49,46,10,4,20,1,36,38,9,9,35,10,102,27,7,62,47,0,24,21,10,69,26,17,2,51,18,6,25,202,0,8,98,2,57,17,74,9,16,13,22,23,28,61,10,0,3,26,63,20,0,20,67,0,52,16,22,5,11,53,34,22,26,39,18,43,26,1,48,18,14,140,144,127,52,11,21,30,4,13,3,24,22,2,22,20,14,26,100,20,5,5,4,61,2,153,26,33,4,5,15,227,49,61,24,3,22,18,0,112,26,15,7,14,35,3,2,30,37,41,62,6,1,2,39,36,133,23,10,134,0,42,15,0,1,41,1,32,57,0,14,33,41,13,13,5,35,8,9,98,2,21,14,23,1,4,4,15,90,1,16,31,7,27,4,14,8,0,32,28,16,45,61,10,36,35,22,78,39,7,4,31,12,11,42,66,106,38,0,36,12,6,11,35,28,89,16,83,0,8,1,75,2,25,11,12,0,17,162,91,38,18,0,6,10,18,8,0,30,47,10,15,48,39,39,16,28,6,17,12,1,13,39,1,21,8,40,39,9,1,9,7,78,23,47,9,29,11,26,5,2,17,13,70,14,7,3,0,9,13,12,3,77,0,30,20,60,34,64,57,32,10,2,1,34,12,2,32,28,35,1,16,15,8,11,57,9,0,85,39,109,13,0,16,4,40,1,46,9,65,1,24,119,9,68,0,74,8,16,47,27,29,41,73,67,32,28,0,60,22,0,38,7,0,11,43,65,0,14,9,21,8,5,29,0,3,14,39,33,0,5,41,8,20,15,0,116,18,0,4,9,20,8,131,17,6,36,15,26,7,85,26,30,11,1,19,15,20,4,47,0,19,3,26,115,155,75,28,51,19,30,8,22,13,28,102,29,24,25,26,3,36,1,15,81,22,61,27,34,92,48,54,67,27,39,80,31,55,44,30,4,16,44,148,25,54,6,23,18,3,0,20,70,8,5,32,49,41,68,5,21,105,13,25,5,26,13,19,10,78,16,27,0,42,27,26,28,27,18,31,0,10,44,40,72,24,139,15,7,40,25,23,4,3,85,66,7,1,28,93,1,16,104,9,4,3,2,10,0,17,32,22,5,107,45,15,25,37,3,19,6,11,96,27,39,21,36,4,4,53,82,0,0,79,71,62,71,5,78,55,2,17,0,20,21,37,14,16,14,12,45,28,4,42,2,17,33,3,15,5,18,138,63,38,75,22,112,13,15,60,15,26,0,37,22,13,67,44,68,0,29,64,15,17,41,38,48,30,124,1,3,20,9,60,0,117,66,19,38,0,8,17,20,20,15,1,25,31,108,80,6,7,1,53,0,11,59,80,1,39,26,28,29,23,1,44,0,3,42,21,17,0,8,43,23,1,24,11,42,1,24,22,34,2,51,44,12,8,6,74,29,6,15,53,9,6,180,7,7,2,53,62,46,13,60,13,6,12,29,27,18,30,1,7,1,7,7,3,5,54,107,4,2,1,7,5,1,3,25,0,0,12,23,0,59,0,57,2,85,8,20,19,0,20,22,43,15,51,32,1,13,29,0,14,11,17,103,39,0,102,86,45,4,0,11,5,27,16,80,10,13,21,9,13,0,12,13,2,23,18,78,3,67,19,2,21,38,0,8,52,61,2,27,8,5,33,2,17,41,22,4,41,22,97,58,2,109,29,64,28,123,102,10,26,56,48,12,20,6,1,14,11,2,11,21,26,14,9,42,66,12,25,11,39,1,56,35,22,10,36,14,75,0,0,67,26,4,26,18,16,41,25,0,34,3,23,43,24,63,53,184,1,41,0,7,15,17,39,14,10,28,4,12,21,4,93,59,9,0,70,22,20,44,15,23,23,87,20,109,9,0,7,119,107,66,28,23,208,3,61,117,9,41,7,27,17,0,68,0,22,8,86,104,66,30,139,24,11,49,61,18,2,128,13,59,22,6,39,22,22,39,166,45,73,12,27,33,3,4,0,13,37,42,93,9,1,9,19,16,53,105,65,7,72,3,118,1,84,20,39,21,22,131,69,19,20,9,11,48,3,40,65,51,23,42,29,4,8,3,35,8,27,90,32,31,1,7,24,20,34,3,58,7,51,1,4,4,15,10,2,7,4,7,21,5,75,104,24,72,45,24,107,30,2,82,15,76,9,15,0,35,11,3,40,153,10,18,23,142,88,0,28,6,74,25,48,196,0,12,1,33,72,22,59,15,53,28,120,67,39,23,22,9,13,7,4,2,18,49,60,62,2,37,20,49,6,75,13,0,23,33,34,33,76,12,21,0,59,58,29,9,4,7,2,13,0,40,27,17,112,46,21,16,26,9,66,26,34,28,16,11,69,13,53,13,32,8,13,11,15,45,6,58,37,4,20,59,2,3,23,1,10,28,37,2,11,37,23,17,6,12,25,14,11,11,27,60,20,72,30,2,67,24,0,21,5,25,12,23,33,1,100,11,10,32,11,18,8,1,8,53,37,20,25,5,163,29,18,11,43,3,21,36,2,25,0,27,26,85,11,19,24,7,28,5,8,6,99,9,6,26,49,45,27,17,0,27,23,3,1,37,0,1,21,5,34,10,0,51,33,0,28,29,26,41,40,31,7,11,98,52,5,24,12,246,44,44,14,40,28,18,30,51,29,0,5,1,12,11,28,66,43,15,51,34,9,33,13,1,35,30,15,9,9,99,57,8,17,110,19,30,24,9,193,58,49,18,48,11,0,3,38,3,8,55,4,5,20,9,103,21,47,70,27,3,36,1,17,31,2,0,6,21,82,55,18,23,18,41,19,69,30,0,98,29,33,2,1,8,17,20,8,72,23,0,8,34,21,4,94,96,32,74,0,60,1,66,39,7,35,17,16,10,59,38,12,46,21,41,17,5,23,1,24,59,4,42,45,165,65,1,14,26,56,22,50,48,16,29,7,82,43,14,7,15,37,33,3,27,47,124,39,11,1,131,8,12,43,22,54,16,20,4,11,15,59,24,5,29,7,16,8,37,0,73,18,19,56,20,4,42,2,36,76,3,9,24,34,34,24,10,8,49,2,20,46,31,40,0,26,5,14,1,14,48,0,12,5,53,18,62,48,6,5,42,183,1,23,0,0,15,1,6,9,24,12,2,10,21,9,4,10,10,29,11,20,4,32,15,138,34,17,29,2,1,14,1,38,3,303,8,47,7,54,0,13,51,27,12,0,358,39,0,33,49,22,47,23,23,8,82,15,55,14,13,72,61,18,7,10,40,22,11,37,12,23,6,22,5,87,70,56,3,0,12,42,7,23,2,12,12,12,8,0,14,2,37,33,49,25,0,4,50,20,40,59,32,17,15,1,0,80,24,27,14,10,49,110,5,33,36,3,2,107,30,62,10,125,0,2,90,27,31,6,0,12,12,86,3,56,22,8,1,56,43,22,12,30,43,102,11,30,3,12,22,12,1,42,4,68,1,9,19,16,38,36,17,17,0,34,5,29,47,1,13,0,25,25,33,34,3,59,17,0,31,23,2,14,4,1,12,88,18,39,27,32,0,22,179,26,45,20,10,130,37,24,83,50,13,18,14,38,18,4,67,5,34
4_KIT,458,1981,1265,836,836,1309,260,867,1071,737,696,317,2894,976,1500,998,2152,322,996,390,1665,1559,296,1717,2200,469,1102,592,680,1199,2472,1021,868,284,614,935,489,1909,889,1458,1291,2081,2084,907,3097,245,275,1392,608,574,1299,1268,945,361,1649,1309,938,388,1420,743,742,971,1603,227,2186,453,395,485,492,3576,286,661,298,1414,553,758,1888,732,639,918,1194,733,1655,1562,993,1212,519,523,2096,893,557,259,780,2136,641,1499,401,443,1043,553,1068,1064,1203,612,513,738,412,848,315,2031,833,436,2654,1183,894,1360,334,1417,1525,342,1324,1097,580,1103,1167,698,423,863,2362,477,1941,323,1321,1150,470,1582,292,1122,362,1288,436,2446,709,1103,2587,556,459,564,1394,953,256,3406,1331,773,1575,866,1257,569,1506,698,920,516,434,532,381,3675,1524,543,259,613,2875,568,1069,705,328,835,920,512,546,488,887,1254,251,4112,876,658,2358,1155,421,1063,586,834,1293,732,885,949,519,1083,392,3181,1073,829,3072,1874,318,371,893,630,969,202,1376,1068,433,2309,478,1267,1386,1925,844,1038,1618,1421,600,1189,1170,1999,1266,3027,402,1201,1065,1588,1861,1024,374,523,1607,972,1017,616,829,516,515,693,821,475,491,1192,1945,692,951,354,572,1095,535,1080,1480,806,587,737,553,348,727,423,1411,5371,1126,1299,882,630,1492,1681,1532,1314,553,1478,3727,796,461,618,1001,414,155,572,612,490,554,1705,1597,1271,598,620,1593,919,1087,1502,385,1774,682,876,787,798,1186,1335,2169,667,424,491,577,596,1300,679,873,3172,2300,1092,1799,483,514,890,794,587,1459,604,879,658,397,778,673,1097,1678,2132,2452,695,1132,998,719,987,511,2909,640,553,376,4350,611,5142,1093,1000,1229,2274,3013,391,860,1430,565,365,1668,509,598,550,1325,1635,908,810,1055,1580,1262,523,25,824,787,395,570,886,1290,1185,1455,1539,291,1594,417,959,1131,523,339,1113,1274,475,490,606,415,503,1859,540,1452,1056,1262,652,2539,1437,1083,1427,997,1116,651,632,1252,2410,1162,1191,600,934,585,374,556,457,605,680,967,389,483,541,607,1037,1083,1192,406,665,814,1726,3161,1536,407,624,976,1253,649,230,2432,705,942,635,961,577,322,3970,649,457,3200,243,1590,527,380,885,893,1404,437,748,1609,1254,1923,675,559,1833,1325,3125,136,1893,602,478,615,1242,787,1423,648,1540,1611,462,1005,1155,840,576,729,768,682,1117,809,679,1414,974,641,394,1248,664,569,1533,861,250,1216,2405,1802,966,1441,774,840,579,1472,464,301,524,1656,501,956,1126,931,759,1680,859,724,434,898,909,398,665,644,948,1422,1286,805,951,461,1218,1847,499,877,823,1262,1229,424,1435,1110,2388,920,940,1466,2918,1481,1932,480,455,1270,630,552,444,2211,1020,1141,411,513,1725,339,1166,1257,1164,755,709,627,473,4119,2190,1269,595,1403,359,834,1793,634,1103,635,848,1385,1833,2286,314,2364,2054,1366,361,879,1550,2166,3401,886,2053,477,506,569,1399,1779,497,383,491,2764,1150,900,504,353,847,1808,204,716,1809,430,1094,302,384,718,2370,1027,650,1278,282,314,717,456,775,1544,367,792,70,863,555,109,317,868,828,1162,712,2579,575,1242,911,1099,420,779,1696,639,1097,349,549,405,709,1850,1968,725,493,469,2494,564,787,1301,3602,547,1084,1630,1064,1985,478,1046,775,2029,1420,241,1079,1296,776,622,1772,1115,1156,2332,1630,1157,338,1336,935,454,1210,704,1025,911,1494,2411,1286,367,2824,801,390,1594,1653,766,702,1266,1703,503,383,1297,797,865,2073,559,909,831,1242,412,545,1354,402,1431,340,647,225,397,415,969,478,2580,521,276,750,1074,1753,872,1817,1229,2438,971,698,461,1616,1672,332,2961,1808,1364,1759,1692,1358,582,753,358,1037,1117,1306,1004,592,1104,698,714,555,581,454,469,251,597,501,463,266,1437,1284,2771,735,2375,1439,896,1169,474,1229,605,580,626,502,902,357,1072,395,274,1260,495,2457,742,421,516,1592,1029,1692,1036,1051,1188,1699,1877,377,579,2246,274,422,2941,1188,2114,376,510,359,564,407,989,976,443,369,715,395,802,2098,2683,427,1474,5030,3187,1383,2069,1624,1648,766,1561,412,1087,569,1413,616,1372,737,847,916,443,2074,353,2349,256,565,2193,801,1809,790,497,407,1654,1125,1132,1050,400,830,717,423,428,921,662,646,1086,689,729,627,1177,1045,504,3060,2301,861,642,1725,2117,1910,1495,1859,2597,874,1431,510,788,780,1115,1412,1058,825,733,536,1278,1035,1015,2219,607,408,628,1057,842,405,1571,1118,554,595,636,452,502,517,374,1100,1012,476,2226,513,846,1165,869,849,620,839,2680,769,393,1121,1878,2820,1372,1843,318,1226,1291,1432,232,2223,724,1697,1201,1003,476,260,899,927,1716,604,2066,555,1534,228,530,2879,551,1368,617,1252,1276,891,544,908,2105,590,949,195,2164,1739,603,542,876,710,407,1356,972,1193,2600,387,1104,619,350,4882,287,1211,838,890,1599,807,1388,739,438,451,163,1298,881,1148,574,486,1056,699,825,522,1090,2385,1454,754,1087,2239,718,1001,788,827,864,935,1890,647,549,3718,1160,923,490,482,379,501,694,399,905,703,1317,911,758,835,1000,1320,980,436,943,780,2249,969,1826,520,831,979,1052,354,725,369,449,1596,890,484,199,461,595,1504,3213,735,578,562,627,667,721,1362,1302,741,463,358,358,1541,841,1442,686,1374,817,1736,1459,655,721,750,739,1126,868,1891,451,460,1826,760,526,1944,2027,763,583,1561,760,1582,1088,1730,599,1075,484,298,579,441,908,369,394,454,1420,325,765,1881,1005,1380,449,1566,692,672,715,1517,1541,585,1169,1422,330,625,1157,1825,2971,1181,2569,651,2037,565,1141,2013,249,450,419,1077,1268,995,605,575,978,911,626,1127,698,1984,599,1120,471,603,755,1825,697,128,370,836,717,379,943,1191,1336,629,859,776,1204,1303,2438,423,773,1757,842,1812,1115,654,850,1485,1076,761,364,1003,324,1987,832,474,1082,673,538,420,1629,440,897,1141,708,1332,1176,3118,440,615,1890,290,1678,992,213,845,806,860,924,2825,2559,1269,1240,2268,3145,307,520,324,780,712,2854,379,478,848,3057,1527,781,2846,403,1787,772,291,379,1283,340,981,1067,483,1194,355,642,971,1081,1042,794,539,429,298,311,2576,820,682,609,499,393,1161,765,1094,1207,437,912,820,589,1636,1015,466,1648,986,334,508,1125,639,1459,356,254,2206,1788,318,834,716,674,680,880,438,745,695,458,991,686,3030,477,1478,1241,1930,867,2359,1471,406,1344,575,1370,417,248,897,535,1139,1436,393,2468,1217,858,1077,1388,1281,1560,444,454,134,334,801,1072,327,1760,883,981,645,1219,751,1474,489,418,2863,3182,859,1196,308,519,795,2112,524,496,299,393,2112,481,810,341,1178,1439,504,1040,248,824,2485,2398,1949,1058,479,732,451,982,3900,855,533,526,621,590,688,473,2288,254,538,742,230,892,326,314,870,2190,1055,1028,281,1618,382,1886,697,1995,862,462,1875,663,940,619,1122,430,940,411,1985,960,236,489,268,438,1306,483,707,836,441,1417,920,874,228,478,1360,319,1478,1262,527,1560,490,532,1457,1453,297,394,714,1324,437,505,417,402,358,1498,517,540,1006,869,884,1133,1049,590,470,376,312,1037,1596,2009,2771,424,752,248,3035,412,621,783,758,393,485,454,766,386,1228,487,615,1218,502,336,555,2898,1952,855,618,851,480,383,1257,524,885,436,940,328,553,1942,933,480,864,578,1056,1682,421,523,657,836,464,779,739,3493,1005,1676,809,1092,994,1865,723,1133,446,1499,701,895,400,985,929,489,450,602,678,279,382,634,573,748,1306,758,1017,903,822,2109,822,647,1227,1557,251,585,1040,1980,837,552,1296,1681,1590,754,434,914,176,897,586,838,804,1120,1602,2258,447,3054,593,710,884,597,1265,1547,1503,1044,1817,1641,734,2681,1401,910,387,768,1097,1018,374,615,797,2886,1692,1162,707,1054,455,538,1101,551,806,750,1859,1957,963,566,1039,350,1316,602,1427,472,2036,1726,1952,420,1137,1028,2466,684,878,1347,632,1842,631,287,540,445,807,200,3019,907,1895,997,872,1405,310,1192,676,691,335,1098,413,799,482,601,1821,933,1133,372,704,2020,2880,880,1068,1897,1019,1058,458,559,409,842,1642,700,652,555,1829,522,1568,1054,296,2288,821,1073,956,2779,1673,1720,1008,765,793,824,1356,850,1760,876,3253,486,1971,540,1460,558,453,903,1425,1046,590,634,1107,1835,641,628,1868,1511,1848,1460,512,1074,2217,1039,768,433,1110,612,351,870,1804,329,551,646,3629,429,657,1103,1248,1480,333,392,275,761,517,1148,1612,1103,558,1238,2952,548,517,377,771,1731,1915,351,485,640,2404,1021,710,3481,407,1102,498,530,565,1273,907,808,1401,1370,2657,606,996,534,471,350,1120,697,955,2186,657,1649,675,899,748,586,790,2337,1010,562,1077,1963,1686,1932,774,1472,1314,1561,423,700,560,695,563,747,1875,581,307,631,1296,1225,752,3085,579,852,821,1708,391,378,2144,656,2201,1376,1675,1087,631,888,733,371,637,1611,469,515,542,998,928,1908,2226,1199,1613,581,868,714,872,1101,1467,3010,472,1592,2359,363,1742,1182,3245,559,469,3082,1451,587,264,480,1363,853,584,485,250,1572,1325,611,963,1105,1919,480,1640,1156,753,864,1014,3416,1073,803,471,458,826,451,418,1398,449,904,1118,714,984,398,732,2265,774,1102,997,268,1000,526,1170,820,785,453,910,1830,1745,1080,901,297,1377,853,1195,5238,542,479,594,1109,1568,1073,421,4421,237,1272,856,980,361,428,3,473,1477,1397,356,1191,517,441,1497,1080,928,1449,1204,616,551,671,1588,1098,1404,682,878,1111,458,1317,1148,1318,659,2314,637,1101,1795,1290,800,1435,1217,1316,1348,391,1089,619,826,559,656,375,549,1951,2072,676,3216,1354,1006,782,950,955,420,2029,1003,1695,411,605,1141,1954,1039,268,946,434,889,1017,1122,1194,553,3083,702,1235,1588,1393,347,694,1058,954,797,672,452,995,628,524,436,874,1598,567,2194,790,1011,1520,673,2300,665,1128,818,2506,1628,502,549,1401,2113,599,436,614,1948,353,1058,816,444,575,991,1232,361,1177,1195,1954,695,606,1055,788,1197,855,380,286,1157,602,2590,422,492,878,491,728,1087,418,408,1096,1134,666,783,972,551,1187,955,259,1386,2769,1968,957,696,463,663,1461,542,443,778,1240,1360,400,655,737,643,528,1348,881,1522,1527,740,982,1035,650,588,1526,174,1340,620,808,642,2619,1052,1181,1601,672,2687,615,1014,1295,967,1331,352,610,337,520,1034,504,864,889,1261,2255,1600,989,3180,1244,520,1743,1022,558,739,1960,1212,939,1173,504,1648,468,1049,3061,3019,621,741,482,1831,1490,1285,554,780,1058,778,1304,3339,464,367,670,459,479,983,1367,1280,420,2354,1204,1683,495,2597,331,737,387,1748,3731,2099,927,971,1113,571,980,965,902,1414,1457,841,825,1280,480,832,415,1425,524,694,1059,673,1218,2114,923,816,1035,1174,437,2025,665,581,659,1274,609,1049,451,467,1259,638,961,832,487,2082,2766,1846,1431,1047,570,2236,1385,334,1069,520,1266,460,1255,538,865,989,4026,1214,1066,1621,702,1037,1804,1722,1607,948,880,1226,644,714,3507,725,447,441,340,3538,847,1170,744,1901,936,4398,1040,1741,950,1031,570,1618,362,461,735,1001,383,880,2158,327,1156,473,571,1079,1252,1137,527,460,615,930,1695,1192,1655,362,2002,1428,2032,1086,497,2255,315,505,769,490,1622,728,827,1895,582,382,352,1110,1113,1381,436,355,1417,1209,638,3138,509,622,767,394,450,1015,638,715,505,671,1363,774,341,534,2005,1268,1053,434,1055,683,365,1845,526,498,1140,1541,360,563,331,1029,2434,1522,936,1205,731,973,1236,581,1118,1424,598,420,1346,427,355,568,1517,641,1122,1649,594,445,662,1069,1066,689,761,524,1564,1162,1105,1232,1713,3087,891,855,744,901,1553,1066,428,2172,277,499,482,1020,2457,725,977,771,453,836,296,601,237,1757,374,1137,677,2035,1096,3797,1182,607,447,851,336,724,524,863,598,371,211,1564,852,464,988,1238,1060,994,778,1442,566,1652,216,566,386,2398,1971,533,1142,841,3605,1399,1059,257,209,1041,914,1148,1275,1932,1635,401,572,588,645,1081,1131,1585,744,904,444,1127,1175,1150,423,391,486,692,797,376,1163,1028,574,774,1344,353,384,714,660,1495,688,407,1040,2391,655,678,582,1282,397,422,1077,361,639,1468,834,1695,800,1343,1660,1396,1617,1844,963,496,702,445,500,482,891,1475,944,763,764,301,720,3418,1567,587,854,2896,1679,926,634,2408,747,238,452,513,2032,1061,643,506,263,1378,832,970,1824,1488,1335,495,829,1991,2360,942,611,1511,979,964,73,1149,726,494,633,481,487,472,900,436,553,523,1845,382,1099,919,2202,1062,388,818,571,732,462,1888,716,763,1153,1177,2237,1343,899,1347,820,1127,707,688,1067,117,1527,565,1499,559,1242,1063,919,1138,319,1082,967,416,764,1395,591,1453,957,523,703,71,676,379,433,318,1972,455,310,1339,567,633,802,1325,1050,1246,331,586,1211,1371,830,362,367,1099,1546,352,765,1983,1429,420,1001,239,590,566,449,432,2101,324,335,545,1034,609,1553,703,260,596,3038,2789,322,498,399,842,1104,2125,938,580,1338,809,1322,1086,1040,484,791,668,626,1258,485,614,541,545,518,3663,959,1075,721,465,453,622,379,2372,532,6875,828,721,393,529,540,808,972,1261,533,1405,6111,1220,1084,711,1027,608,918,1199,1215,980,1535,896,920,356,575,297,741,1018,409,698,755,826,886,2432,607,869,579,715,570,1740,924,2820,516,1073,1783,999,416,725,863,552,267,448,319,962,536,524,845,1676,598,974,555,1213,1780,355,1076,1718,2043,652,510,901,680,2355,2170,1745,848,730,904,850,507,1306,1216,443,1159,1925,1172,422,653,2206,354,393,1785,1217,1155,1262,331,445,589,1534,541,2205,906,535,626,765,539,1789,551,601,2254,3480,565,792,1061,571,1262,1041,274,992,876,1085,688,699,1023,248,1256,311,566,357,666,1050,257,1377,3531,697,592,1220,822,761,491,389,299,984,944,519,623,945,239,615,490,807,435,937,779,788,968,710,582,282,2082,1274,711,1040,842,1556,1105,976,876,1369,783,401,798,368,563,1074,975,487,937
4_TET2,2775,5115,3843,2919,3797,4778,2459,2706,3187,4721,3294,1369,8827,2530,5388,3913,7680,1862,3783,1900,5518,6866,1564,6562,6225,1869,3588,1776,3220,4002,10177,4171,3879,1546,2441,2468,2202,4496,2983,7017,3272,9551,9678,2613,12512,1803,1311,5385,1969,2728,5166,3847,6008,1242,6512,4389,5080,2339,6999,3730,2479,4753,4235,1154,10199,2721,1478,1880,1312,11819,1854,3938,1277,5430,2352,2219,5807,3295,2145,3575,4192,2146,6529,5625,2763,5153,1228,2098,6902,3660,1372,875,3069,9398,1826,5608,1507,2277,5679,2529,3328,4321,4112,2716,1320,3268,2264,2023,1426,5217,4247,1686,8677,5812,4130,2840,1404,6200,5067,2114,5850,5203,2708,4405,4516,2741,1327,3629,8087,2735,8593,1719,4263,4388,2314,4590,2938,2616,1123,4354,1152,9170,2533,5160,7943,1383,1821,3022,5030,3678,1614,10751,6395,4597,6951,4290,4129,3031,5793,4300,2744,1896,1643,3649,2312,11511,7029,2632,2398,4486,11460,2383,813,2012,1592,3149,3891,2633,2027,5060,3866,4754,1436,16565,3866,2473,4303,5678,2520,5428,3435,5661,5048,2906,4509,4288,2432,3392,1362,10360,7277,3024,12060,5652,1717,2000,4826,2337,4495,1707,4664,6929,1622,7489,1646,3589,4081,6789,2920,3868,5995,7803,1240,5131,4651,6685,5736,8448,1091,3380,4181,4892,3659,3927,3364,2575,4923,3363,5598,2243,5612,2077,1868,3209,2778,1778,1698,4375,7445,4015,4140,1457,2361,3244,2912,4597,5853,3194,1394,3300,2557,1503,2574,2102,5224,18898,3706,5063,3946,2640,5879,6359,4199,3825,2500,5574,11027,1862,1713,3739,3674,1558,2614,3152,3036,2987,2700,7612,8297,5705,2575,2218,5908,3501,4608,5265,842,5939,3746,2380,2018,3500,6688,4289,5648,3121,1586,2036,2350,2098,4903,2885,2487,7918,6249,3716,6407,1515,1627,3743,3170,2768,4324,2161,4246,1674,1714,3014,2699,3970,3919,6021,7373,2752,5352,7648,3672,3041,1730,8204,3594,3506,1883,10598,1799,19436,3816,5713,5688,9777,7908,1648,3041,5080,2269,1503,5846,2636,2230,2195,4180,3961,5281,2481,5282,5027,6149,1563,2500,2862,3849,1882,2502,3069,7518,5886,5340,2922,877,4933,1671,3312,3786,1229,1653,2555,4070,1846,1896,2224,1745,1779,6334,2293,8236,3026,5220,2389,9272,7120,5418,6021,3116,4119,1990,4460,4765,9177,3631,2960,2609,2907,1956,1809,1642,3105,2924,3338,4327,2651,1919,874,1888,4158,3266,4414,9743,2864,3792,6457,9306,4356,1743,3484,2704,4550,5687,2607,8506,2762,5047,1545,4143,2581,1519,10987,1259,2483,11552,1568,5243,2340,1042,4486,3444,5200,1539,2155,4535,3267,5208,2226,1594,6647,4268,10717,1201,6025,2149,3040,2821,4660,3418,5152,2443,6614,8056,1918,2205,3472,6200,2487,3528,2744,4704,4082,2972,2241,4480,3639,3475,1219,5150,2527,1827,4541,3444,1620,3711,7125,6786,2872,5257,2616,6795,2581,5235,2418,1594,2343,6569,1572,3791,3651,4274,2994,5589,4522,3452,1562,3979,3294,1267,3633,2800,3703,6319,4321,2992,4231,2413,5001,8391,2684,5224,4632,4228,4901,1667,4950,4389,8214,3520,3283,5377,5828,1944,7502,1491,1817,4287,1603,2112,1417,5952,3994,7123,1836,1807,5067,1520,5357,3976,4023,4369,2743,1668,2013,15530,6478,5426,2280,4775,1247,4515,5763,1991,3368,2097,3792,7265,4562,7629,1570,7379,7511,4924,3010,2765,5389,6148,9964,1741,10440,1537,1441,2298,5154,5471,1861,1939,1055,10400,4318,5686,2152,1754,6321,9143,1391,3121,5861,2072,3461,1748,1656,1203,6660,5090,3381,3708,1862,3588,2877,2714,2679,4615,1657,4064,1037,1780,2701,1869,2348,3178,2962,5532,3015,9638,1650,5617,2810,5077,2047,2911,5986,2970,4480,1333,1856,1166,3472,6488,7872,2816,2309,2333,7987,1456,4319,4829,10123,851,3918,6149,4316,8180,1513,3884,2261,4469,4622,1578,4452,4062,2451,1939,5960,3429,3932,9066,3575,4492,1280,5666,4518,1767,4297,2002,4540,3827,6307,6259,5287,1011,8508,3018,2087,5554,4273,5458,3096,4696,4250,2551,1927,2381,2638,3380,6708,1777,4966,3393,4171,1313,2452,5456,1601,2474,1771,2308,1265,1064,3463,4764,2781,11431,1749,1298,3394,4200,4264,2815,5560,4615,6677,4188,2563,2936,6934,5573,1989,11037,6588,4880,5369,5290,5396,2296,2861,1916,3114,4568,4163,4557,3872,2463,2728,3025,1219,2068,1907,2121,1266,2184,2323,1299,914,5133,5343,11073,2597,8888,6078,5084,3627,2393,4165,2903,1315,2296,1935,3074,1599,5051,1441,1673,3986,1773,7429,2751,1564,2195,4994,2756,5616,3200,4398,3595,5463,5010,1166,2449,6414,1666,1649,1245,3030,6712,1416,3889,2163,1944,2495,3194,4072,2922,1203,4162,2030,3204,7150,7799,1843,6295,12151,9579,4677,6485,8156,5259,3815,4524,2250,4246,2152,5206,1456,6340,3079,3506,4402,1534,6645,1420,10585,1534,1427,8465,3023,4217,3481,2177,1063,5716,5383,3552,3197,2379,3208,3070,2185,2097,2928,3440,3760,3488,2530,2739,2307,3832,3043,1971,8195,5874,3072,1988,8633,7860,6017,6872,6624,10372,2375,5846,2520,2994,2934,3121,4111,4381,2264,2512,1641,5045,2810,5982,8702,2444,1404,3207,2994,4140,1930,5698,3823,1768,2193,1958,2443,2063,3869,1340,3623,2963,997,8316,3633,2878,3984,3418,3566,2901,3522,9147,2929,1616,3933,8954,11058,3463,5354,1847,5572,3712,4952,1677,8183,4803,4433,3880,4075,2050,1973,4032,3431,5747,3152,7816,2528,6326,1885,1675,10165,2543,6413,2888,5559,3720,3332,2403,4453,5980,1222,4308,1361,7678,5296,1471,2285,2074,3054,1461,4365,3252,2736,10043,1953,4287,2529,2082,12962,1315,3308,3352,2287,4872,2421,6756,3402,1484,1733,2334,6681,2410,3912,3587,1716,3224,2015,4650,2401,4645,8726,5083,1659,4603,7494,3127,6136,4626,2632,3157,3290,7230,1856,2166,14743,5560,3994,1771,2436,1699,2138,2176,1424,2915,2912,2563,3117,5654,3382,4377,4748,4606,1252,4708,3277,7295,3297,6389,2671,2873,3074,2171,2642,2373,2389,1791,3573,2832,2051,1243,2198,2011,7105,10825,4339,2445,2183,2625,5070,2222,4901,5355,3576,1907,1642,2046,7109,2738,6298,4387,3796,3451,7681,4274,2752,3357,2967,2739,3245,2888,7462,1575,1990,7746,3028,2794,5846,6259,3343,2376,5158,6167,6687,5464,5223,3105,6085,1631,2933,1850,1453,6280,1546,1621,1185,4838,1630,2873,7834,2541,6208,2133,7001,2843,1994,3384,6981,6342,2489,3961,5280,3704,3317,6354,5967,8779,4345,5745,3180,5396,1959,2765,6998,1372,1855,1427,4503,4439,4709,3403,1720,3569,3398,2756,3589,3239,7307,1893,4309,5636,1578,2922,5784,3868,1601,1830,5220,3160,1856,2614,4043,6298,2597,3196,3071,3228,6073,6950,1628,2802,7036,2742,8038,3210,2414,2343,4883,6586,1711,490,3944,4789,8452,3678,2176,3583,1725,2910,1976,4374,3010,2927,5037,4013,6287,5632,9394,1723,1723,5312,1239,3694,3997,1725,3393,4522,3052,3976,10018,10015,6961,3637,5027,8582,1902,1637,1936,2311,2237,7860,1489,2135,3465,10494,5645,2292,9999,937,7450,2184,1824,1475,5156,1591,3268,3003,2096,3830,1263,7092,3262,2813,3931,3424,2499,1521,1291,1669,11162,3342,2529,2164,1849,1996,3007,3268,4841,4311,1256,4235,2759,2168,6005,4677,2120,5838,3124,2607,2301,5321,2081,5523,1929,1463,5722,5241,1481,2451,3332,3281,3508,3036,2230,4449,2597,1969,3256,2763,10917,1373,4961,5086,6441,5142,8295,4488,1687,5611,2571,3759,2020,1535,4595,1620,4812,6645,1578,10337,4992,3370,5040,6018,8505,6960,1328,1726,1341,2116,3838,4159,1763,5822,2926,4194,3069,3617,1799,4347,1298,1734,6497,10171,4167,5806,1476,972,3013,3609,1733,2105,856,1538,7675,1700,2959,1452,5281,5768,1448,3648,1369,3477,7220,10653,9411,3291,2075,2179,1886,3783,17310,2647,2300,1688,3276,2493,2873,1820,7574,1703,1882,2589,1385,4290,1723,2428,3608,8875,6462,3541,981,5623,1763,5626,4562,5091,3263,2073,7722,1742,4156,1382,4228,1753,4165,1481,6474,3443,1915,1669,6,1484,4777,1808,2246,3198,1986,6155,3945,4955,1334,2600,5993,1720,6393,4695,1540,6166,2423,1990,4760,5984,3494,1806,2217,4156,2127,1558,1389,3062,2849,5721,1535,2483,5476,4228,3635,4578,4733,2475,1856,1159,1490,4412,5414,3967,8042,1621,2363,1675,12201,1976,2734,2236,3207,1642,1907,1649,3240,1917,4252,1292,1555,5523,1771,1663,2147,10993,8593,3951,2990,4058,3300,1798,5516,1938,3903,1835,4082,2021,1930,6659,4004,2058,2979,2108,5009,5373,1207,4849,1112,3479,1500,3212,3057,13778,4427,5784,5005,4006,3991,6189,2363,2811,1798,5328,3158,3530,1888,3039,3686,2556,2438,2110,2756,1759,1667,1776,2435,800,4302,5219,4529,3995,3473,7794,3469,3935,5328,4507,3079,2313,5098,10187,3622,3181,5144,5321,7080,3993,2838,3303,1579,5234,2639,3281,3810,5145,6780,5486,2077,11081,2907,2349,2648,2532,4379,5098,7375,5661,8231,6518,1249,8151,5118,3174,1484,2151,4185,5232,1562,1774,3543,9377,6357,2674,2736,2885,1607,1697,4736,1629,2513,1922,6212,7258,3206,4235,1371,2205,4752,2221,5379,2196,6366,3412,4555,1797,3720,4481,7377,3927,4733,3221,3239,5319,2061,1689,2877,1737,2410,1346,11787,3762,5062,3268,3924,3582,1839,4641,2001,1536,1985,3894,3040,3459,1639,1671,6792,3389,6378,1513,2444,8556,12592,3563,5150,5837,3830,3933,1692,2760,1951,4252,5578,3484,1652,1623,5655,1736,5413,4930,1948,6877,2899,7821,4086,5674,5816,3895,4547,4562,2930,3512,6617,4140,6808,2608,10913,1849,7156,2726,4353,3616,3343,2674,6298,3400,3464,2205,2595,8156,2367,1425,6809,6463,6028,7197,1395,3388,10007,3389,1738,2091,4120,3026,1163,3359,5948,1294,2433,1567,11424,3069,2269,3981,3807,5089,1736,1179,2070,2621,1714,4501,6449,5306,1931,4005,11082,2748,1753,2494,5576,5842,6173,1621,1442,1646,9397,3379,3003,12330,1521,6044,1673,4482,2409,5839,4116,2582,7416,4579,10906,2889,4714,2271,2572,1717,4044,2482,3217,8036,2188,6113,2188,3891,2751,1975,3912,7158,3912,2399,4886,7923,2372,7379,3099,5783,4981,3313,1528,2535,1377,1715,3179,3177,7136,2024,700,2197,4788,3644,2355,8023,3530,2945,3062,7564,2402,1889,9085,3177,8911,3812,4381,3376,2496,2806,3102,1412,2137,4300,1990,2591,2139,4910,3037,7161,6033,4017,5601,1588,6149,3645,3910,4706,4861,10273,1406,4229,7798,2006,7087,4345,9201,2737,1926,7771,4177,1959,1569,1701,5253,3228,1823,2126,476,5800,4892,2678,2976,5713,5805,1609,4125,4945,3276,3265,3861,9474,4261,2807,2815,1515,3326,1516,2154,5912,2585,4449,4022,2808,4355,2119,2794,7792,2337,4518,4311,1453,3649,1753,3899,5098,2847,1453,3964,5520,6351,5562,2850,1404,4692,3955,3517,17548,3468,3127,3446,5906,5811,3537,3381,11530,1475,2571,2476,3447,1770,2335,9,1839,3119,5847,2585,3601,2422,1606,7045,5684,2700,4875,4491,2155,2074,1779,5337,4675,3094,2291,2342,5045,2703,3959,4969,4950,2800,5624,2091,4139,6000,4040,2311,4694,4474,4715,5361,2027,3841,2022,1903,2306,1717,1307,2268,7261,7086,2805,10380,5201,5524,3872,4090,3513,1685,8556,3403,8158,1725,2022,4698,5950,3477,1538,3407,1643,4495,3042,4270,4954,1342,8059,3522,3593,6597,3679,1563,2755,3176,4822,4514,2056,1746,3017,2122,1939,1400,4101,4857,2658,6761,2930,6619,6064,3204,8636,2620,3618,2914,10113,7154,2246,3525,4735,8181,2889,1765,3383,7671,1382,3681,3417,3422,2772,3258,4713,2717,2399,6526,6896,3163,2394,3981,2716,5164,2009,1776,3810,3992,1663,6766,1488,1462,4750,929,2749,3837,2178,1536,3631,1819,2330,2950,2747,2382,4421,7289,2319,4522,10190,8179,3485,3217,1786,2714,3980,2003,2206,3000,4608,3917,1799,2579,2368,4088,4414,3548,2439,4770,4328,2157,2992,3906,2440,2830,4941,1331,4331,2364,3300,2641,8444,4207,3919,3228,2158,12840,8525,4861,5346,2565,4964,1301,2839,1135,1813,4595,1344,3351,3191,5186,6747,5699,4147,10716,4312,2166,7093,4141,1645,1867,7797,3865,4316,5783,1385,7012,2842,4337,10562,9487,3253,2546,1341,6988,5188,4533,2106,3191,3793,2816,3716,8315,1942,2281,3484,1524,1175,3980,5699,3872,1442,7806,4632,4803,1866,7180,1396,2729,1152,5247,14328,8892,4276,4184,2733,2034,3887,4064,1315,5924,5407,3770,4117,4699,2437,3220,1072,4226,1759,2649,6013,3162,5224,9298,3539,3713,3647,4683,3093,6546,2819,3419,2731,3553,1325,3142,1065,1770,2941,2285,4296,1705,1949,7092,9175,6361,5039,3296,1981,9507,5724,1740,4262,1500,5996,2673,2713,1767,3874,3383,12485,5022,4014,3404,3227,5782,7268,6158,3283,2528,4879,3755,2088,2497,11039,2521,1607,2099,1883,10058,3052,4198,2744,5167,4055,15856,5636,5325,1904,2825,2104,4730,2102,2048,3123,3921,2271,3278,9323,1679,4921,1864,2524,2942,4888,4365,2163,1374,684,4485,4484,9728,3923,1256,5116,3228,6072,4962,1499,7690,2008,2139,4223,1763,5739,2561,3290,9325,3938,1323,1431,4644,3982,4530,1608,1445,4613,4361,2136,9805,1559,2698,3964,1860,2209,4956,3990,3342,3110,2004,5133,3622,1500,2297,6492,5161,3307,1282,4741,3300,1470,5265,1727,2047,4822,5275,1518,2772,484,3890,7498,5858,3850,3981,3702,3169,3824,2947,5416,6937,1761,1388,3373,2306,1107,2576,5703,3531,4466,6843,1418,1236,3210,3059,3962,3174,1441,1746,4507,6123,5385,4354,5099,11418,3506,3266,3919,2743,6663,3705,2677,7382,1368,1861,2121,2973,8153,3328,3498,3114,1653,1955,1511,2919,2266,6611,1762,4302,2947,8471,4785,11676,4654,3024,1878,2254,1742,2516,2559,4724,3242,1688,1673,5212,1794,1992,4125,5200,4758,3326,6570,5805,2228,5221,1411,2190,1567,8130,6575,1557,2659,2763,11408,3846,4596,1386,1953,4484,2873,3122,3855,6730,3651,1787,2295,1579,2646,3418,5597,5874,2386,3560,1180,4114,3545,4006,1406,3614,2610,4081,2148,1623,6387,4345,1759,2364,5839,1305,2813,3110,1420,7349,2901,2659,1740,6383,2616,1988,2509,3365,3064,914,3931,1626,2295,5636,3662,5258,1840,4342,5119,5676,4765,5946,5545,2063,2029,1769,1176,1459,3208,4671,7028,3411,2874,1567,2880,12338,4829,2851,3010,8460,5374,5269,3675,7726,2593,1458,1925,2038,6165,3708,1476,3185,1565,1334,2242,4696,6220,6749,4294,2204,2706,9905,7905,2967,1627,2826,3499,4047,1693,6135,2834,1156,1867,1543,1915,2298,2840,2841,2112,1839,5376,1345,3906,2680,11032,4809,1951,2263,2785,3519,1534,5119,2581,2857,4802,4142,8459,7182,3440,8070,3826,3963,1929,2132,4073,2151,5502,2275,5231,2086,5252,5079,3472,2531,1663,3498,4829,2537,3018,6425,2204,5083,3521,2106,2745,1729,2983,1637,1485,1459,3247,910,1358,5625,1509,2000,3747,2205,3202,7589,1335,1971,3012,5821,2935,1925,2038,3656,6704,1457,2676,4902,4320,1300,3867,1470,2515,4408,1467,1571,6884,1291,1115,2093,3627,3806,7686,3035,1178,1959,8544,8449,1419,1852,1858,3010,4371,8103,3396,2776,6074,4146,4391,3946,4540,1840,2537,2634,2382,3672,1865,2361,1873,5046,3103,10806,3998,5033,1831,2010,1963,3767,1345,7555,2233,22072,3192,3369,1727,2601,2021,2281,5221,4236,2328,4271,18693,5062,6776,2367,4578,1619,3167,4376,5808,3461,7931,2022,4467,2079,2658,2461,2551,3366,1716,2907,6738,3229,4113,6940,2059,3562,2747,2778,2268,7775,7302,9198,2450,3564,5724,3422,1657,2776,2420,1683,1318,1214,1480,3681,2348,2968,2227,5620,2141,5061,2510,4735,6212,1845,4223,9769,6552,3363,2938,2568,3101,6133,4434,8246,2290,4429,4204,3036,2050,4809,4487,1437,5003,7201,3219,3084,1813,7076,2065,1722,6359,4164,4800,4688,991,1585,1947,6309,1687,6949,3007,1826,2301,3727,2003,6814,2750,2385,4789,9298,2058,2335,5446,1333,3441,4281,1350,4880,3425,3770,2585,2365,3709,1527,2807,1427,2361,1507,2563,2715,1745,4505,8500,3551,2974,3576,4165,4118,1621,2459,1256,4185,3053,1754,2647,3982,1354,2239,2192,4249,2783,3594,2526,3320,4726,3083,2056,1141,10205,5721,2485,5270,3357,6817,3641,3210,4624,3102,2820,1129,2739,1267,2071,4755,4115,2099,4372
5_NPM1,0,0,0,2,2,2,0,0,0,5,0,0,4,1,0,2,3,0,0,0,0,3,1,5,1,0,2,0,0,1,3,5,0,0,2,0,0,4,0,6,0,3,0,1,23,0,1,3,0,1,1,0,0,1,2,1,1,1,13,3,1,1,0,0,12,0,0,1,0,1,0,0,0,0,0,0,6,0,2,1,0,0,1,0,0,0,0,0,1,0,0,0,4,1,3,1,0,1,0,4,1,1,2,0,7,2,3,0,1,2,0,1,5,0,3,0,0,1,0,0,3,2,1,0,3,1,0,1,6,0,2,0,0,0,0,1,1,3,0,0,0,3,0,0,1,0,0,1,1,0,0,2,1,0,0,1,0,2,1,2,1,0,1,0,0,1,1,0,1,3,4,3,0,1,0,5,0,0,0,0,0,0,0,3,0,0,3,1,3,0,1,1,0,0,0,0,2,2,0,2,5,0,1,3,0,1,0,2,0,0,1,2,0,5,1,0,2,0,0,0,2,1,0,0,4,0,3,2,1,1,0,2,2,3,0,0,0,2,0,0,3,0,0,0,0,1,0,0,1,1,0,0,0,3,0,0,5,0,0,2,0,0,0,0,0,5,2,2,0,1,2,6,4,1,0,0,3,0,0,2,0,1,3,4,2,0,0,1,1,2,2,2,8,2,2,0,0,6,0,0,4,0,0,3,0,0,0,0,0,0,2,4,2,0,6,1,2,0,2,0,1,1,1,0,0,5,1,1,0,0,1,2,0,0,1,0,2,0,0,2,0,0,0,7,0,4,0,2,0,1,1,0,0,0,0,1,0,1,4,1,1,0,20,0,0,9,0,1,1,1,3,1,1,3,1,1,1,2,0,2,1,0,3,1,0,1,1,0,1,0,0,0,0,1,1,2,2,0,1,3,0,2,1,0,3,0,1,0,1,3,1,3,0,1,0,0,2,0,0,0,0,2,0,0,1,1,1,2,0,3,3,4,0,0,3,1,4,1,1,0,4,1,1,0,0,8,0,0,3,0,1,0,0,0,0,1,0,0,0,1,1,0,0,0,0,2,0,0,0,1,2,1,0,0,1,1,1,1,0,1,2,0,0,0,1,1,1,0,0,1,0,0,0,1,0,0,0,0,2,0,1,0,8,1,1,0,4,0,0,0,0,8,1,0,1,2,4,3,1,0,0,1,1,1,1,0,4,0,0,3,1,1,2,1,1,3,0,0,0,1,5,6,1,1,7,1,0,1,0,0,0,0,0,0,1,0,0,0,1,1,1,0,1,3,0,0,0,0,21,0,2,1,0,0,1,0,0,1,0,1,0,0,0,0,1,1,0,1,0,1,4,4,0,0,0,0,1,1,3,0,0,0,0,1,0,1,2,2,5,0,2,1,0,0,0,0,0,0,1,0,1,0,1,2,0,0,0,0,0,1,3,1,0,0,0,0,0,0,4,0,0,0,3,0,1,1,0,0,2,1,0,2,1,2,0,0,0,1,4,2,0,6,0,4,0,0,3,2,0,1,1,3,0,0,0,0,1,3,4,2,1,0,0,1,1,2,0,0,2,1,0,0,1,5,0,0,0,2,0,4,1,0,1,0,1,0,0,1,2,1,0,0,0,2,3,1,2,0,2,0,0,0,2,1,0,2,1,0,0,1,0,1,0,3,1,4,1,0,3,2,22,0,3,2,5,0,3,2,0,1,1,0,0,0,1,2,2,0,0,0,4,0,0,0,0,0,2,0,0,0,4,0,3,1,0,0,0,2,1,2,1,2,1,0,2,0,0,0,0,2,0,0,0,0,0,4,0,0,0,4,2,0,1,3,0,0,0,0,2,0,0,0,0,2,0,2,2,1,0,0,1,6,7,0,0,16,0,1,11,5,2,0,1,1,2,1,2,0,0,1,0,7,1,5,2,0,0,1,1,8,3,0,0,1,2,0,0,0,1,0,0,0,0,1,1,2,1,1,0,0,1,1,1,0,1,2,0,0,4,0,3,0,2,1,2,0,1,0,3,1,1,1,1,1,0,1,0,2,1,0,0,0,3,5,1,11,1,1,1,0,2,2,2,2,0,0,2,0,1,1,1,0,0,2,2,0,0,10,3,0,5,1,0,0,0,2,0,2,1,0,1,0,0,0,1,1,8,0,4,0,0,0,1,1,1,1,1,0,0,1,2,0,2,3,0,1,1,1,3,0,0,1,0,2,0,0,0,0,3,0,1,19,0,0,1,0,4,0,0,0,0,0,0,1,0,1,1,1,0,0,0,0,3,7,1,2,0,5,2,2,1,1,1,0,0,0,3,5,0,2,1,1,1,1,1,0,1,2,2,0,6,1,0,1,1,0,0,1,4,3,0,1,2,0,0,0,0,0,1,1,1,1,0,0,2,57,28,3,49,1,12,9,19,51,0,25,0,0,0,0,2,4,4,1,3,1,18,1,0,1,2,2,6,5,0,0,2,17,1,0,0,0,0,8,5,1,0,0,2,0,0,0,0,0,4,0,0,1,0,0,0,1,2,0,0,2,0,4,0,5,4,0,2,2,3,1,2,1,6,2,2,3,0,0,2,1,1,2,0,1,2,0,2,0,0,0,0,2,0,1,1,1,0,0,2,2,4,2,0,0,0,0,4,0,2,0,0,0,0,0,11,0,0,4,3,3,5,0,0,2,3,1,2,0,5,1,2,2,0,0,1,1,2,0,1,0,1,0,0,1,2,0,6,0,0,4,1,0,0,0,0,4,3,1,0,0,25,2,2,0,0,2,3,0,0,2,2,2,1,1,1,1,0,1,1,0,0,0,0,0,2,1,0,0,4,0,0,0,0,0,0,1,0,0,1,1,0,1,0,0,4,0,0,1,1,2,5,1,1,0,0,2,1,3,1,1,0,0,4,1,2,0,4,0,0,0,1,0,0,0,3,0,0,0,0,0,3,2,2,0,0,2,0,1,2,2,0,0,0,0,1,0,1,0,3,0,0,0,0,1,0,0,1,1,0,1,1,2,1,0,0,0,0,12,6,0,0,1,0,3,0,1,1,0,0,2,0,1,1,2,1,0,0,0,0,2,2,0,2,0,0,0,1,2,1,1,1,0,0,0,0,0,0,0,1,0,1,0,0,2,11,3,0,4,1,0,1,0,0,0,0,0,1,2,0,0,0,1,1,0,0,0,2,2,1,0,0,4,1,1,1,0,2,1,0,3,0,1,1,0,1,1,0,2,1,0,0,0,0,0,1,1,0,1,1,0,1,1,3,2,2,0,1,0,0,0,0,5,4,4,1,0,0,1,0,4,1,0,0,1,0,1,1,0,0,1,3,1,0,1,1,1,0,0,1,0,1,2,0,0,0,0,0,2,0,0,0,0,0,0,0,0,0,1,1,1,0,0,3,0,0,2,1,0,1,2,2,1,0,2,2,1,0,2,0,1,1,6,1,1,0,0,5,0,0,0,0,1,16,2,1,2,1,0,0,0,3,0,1,0,2,5,0,1,1,0,1,1,2,1,0,0,0,1,1,0,1,2,0,0,0,1,0,0,2,1,2,0,1,0,0,0,1,0,0,0,0,3,3,0,0,0,1,1,0,0,1,3,0,1,11,4,1,1,0,1,0,2,0,4,0,6,0,10,1,1,3,0,1,0,2,1,0,1,1,6,0,3,0,2,0,1,2,1,0,0,0,0,1,1,0,5,1,1,1,1,0,6,3,2,0,0,2,0,0,0,2,1,0,0,0,3,0,0,3,0,3,2,6,0,1,0,1,1,0,0,0,0,2,0,2,5,2,1,2,1,0,3,1,0,1,0,0,0,4,2,0,2,4,4,2,0,2,1,0,1,1,1,4,1,0,0,0,0,1,2,1,0,2,3,2,1,0,1,1,0,2,0,2,1,1,4,0,1,0,0,1,2,1,0,0,2,1,4,10,0,3,0,1,0,0,0,0,3,0,2,1,0,0,1,0,1,0,0,6,0,1,0,2,0,0,0,3,3,2,0,4,5,1,0,0,1,2,0,2,1,1,0,1,3,1,0,0,0,0,3,1,1,1,1,1,0,0,0,0,0,3,2,2,1,0,0,0,1,1,0,0,0,1,0,0,4,4,1,0,2,1,0,0,2,13,1,1,2,0,0,0,2,0,0,8,4,2,0,0,3,1,0,0,1,1,2,0,0,9,1,0,4,30,3,0,0,40,1,0,0,0,0,0,1,0,1,1,1,0,3,0,0,0,1,1,2,1,2,0,0,0,0,1,0,0,1,2,1,0,0,0,1,12,1,5,0,1,0,0,0,3,2,0,1,1,1,0,0,0,0,0,1,1,0,0,0,0,1,2,0,0,2,1,1,0,1,1,2,0,0,3,1,0,3,1,3,4,2,0,1,0,0,1,2,0,2,0,0,0,0,0,0,0,4,1,6,1,0,2,0,0,0,1,2,6,0,0,1,7,0,0,0,0,2,3,3,2,1,1,1,0,0,3,1,0,1,2,0,0,0,0,0,1,1,2,1,0,1,2,1,0,0,3,0,0,0,1,0,0,0,1,1,0,1,1,4,1,0,1,0,2,2,0,1,0,1,0,1,1,1,0,0,0,0,0,0,0,3,0,0,1,0,0,1,1,0,3,0,0,3,2,2,2,0,0,1,10,3,4,1,0,2,8,0,0,0,3,0,0,0,0,0,2,2,3,1,7,0,1,3,0,2,1,0,0,1,0,0,3,4,3,2,2,1,2,0,6,2,0,2,0,1,0,0,1,1,0,0,8,1,0,2,0,0,0,0,0,0,3,0,3,2,0,1,1,0,5,1,0,0,0,0,2,2,0,0,1,0,0,7,0,0,2,2,0,2,4,0,1,2,1,1,2,10,2,0,0,3,2,3,0,0,0,1,0,0,0,2,0,0,0,1,0,1,1,0,4,0,1,0,0,2,0,2,1,0,0,3,0,0,0,0,0,1,1,1,1,2,0,3,1,3,1,1,0,0,1,2,0,1,1,0,1,0,0,0,1,2,3,2,2,3,0,1,1,1,6,0,0,0,0,1,1,2,0,0,0,9,0,2,1,1,0,0,3,2,0,3,4,2,0,1,2,3,1,0,1,0,0,1,0,0,0,1,0,0,0,0,2,1,1,0,7,0,3,5,0,0,1,1,2,0,0,1,0,3,1,1,0,0,0,0,0,2,1,0,0,3,0,0,3,0,0,2,3,0,1,0,1,1,0,0,1,0,0,0,0,1,0,1,0,1,1,1,0,0,0,1,0,2,1,2,0,1,0,0,7,3,0,0,0,0,1,0,0,3,0,1,0,0,0,1,0,1,1,0,2,2,2,3,0,1,0,0,0,0,2,0,1,3,0,2,0,0,9,0,1,1,0,10,1,0,2,0,1,0,0,8,1,5,1,1,0,0,0,2,0,2,2,1,2,0,0,0,0,1,0,2,1,1,2,0,2,0,0,1,3,0,2,1,1,0,0,0,1,4,3,1,1,4,0,0,0,2,4,1,2,3,1,1,1,0,0,1,1,1,0,1,0,0,1,6,2,0,0,0,2,1,3,2,1,1,1,1,0,1,1,2,2,1,0,0,0,0,0,0,1,0,2,0,1,3,3,0,1,1,0,1,2,2,0,0,0,0,0,3,14,1,0,0,4,1,0,0,0,0,1,0,5,0,0,0,1,2,1,3,0,0,0,1,6,6,6,4,1,6,1,0,0,4,0,1,0,0,0,0,1,0,0,0,0,0,5,1,1,0,0,2,2,1,0,0,0,0,1,0,0,0,2,2,3,1,1,0,2,0,1,0,2,0,0,0,1,1,0,0,0,1,0,0,1,0,0,0,0,0,0,2,2,1,2,1,0,4,1,0,6,1,2,1,0,4,2,1,0,0,0,0,3,0,0,0,1,0,0,0,0,2,0,2,2,0,1,0,0,1,1,1,0,0,7,4,1,0,2,1,3,0,1,1,0,2,2,0,1,1,1,0,0,0,0,0,0,1,0,3,2,1,0,0,0,0,0,2,0,21,1,0,1,0,0,0,2,0,1,0,16,1,1,2,0,0,0,0,1,1,0,1,2,0,0,0,0,6,1,0,0,3,0,5,0,1,0,1,0,0,0,1,2,0,0,0,0,1,0,0,3,1,0,2,4,1,1,0,2,1,0,0,4,0,0,6,0,1,0,0,0,2,0,0,0,0,0,1,0,0,0,1,1,0,2,0,7,4,1,0,2,1,0,5,2,0,2,1,0,3,0,0,1,2,0,1,1,0,0,1,2,0,6,0,0,1,0,1,0,1,2,2,0,0,0,0,0,0,0,0,2,0,7,0,0,2,0,0,0,0,0,1,0,1,1,0,1,2,0,1,1,4,2,0,0,0,0,0,2,1,0,0,0,3,4,0,3,0,2,0,0,1,2,4,0,1,0
7_EZH2,3355,6093,4735,3282,4756,6278,2562,3403,3765,6784,4146,982,7590,2691,6431,4141,7454,2130,4147,2325,6374,7220,1559,6571,7071,2235,4664,2178,2722,4423,10898,3351,5475,1762,2675,2875,2247,4767,2777,9010,5474,10490,11200,2871,13901,1663,1329,5197,2060,2770,6465,5069,7357,1057,7111,4981,4968,2694,6803,3746,2692,3945,5059,1304,9666,2452,1890,2074,2170,13741,2281,1321,1073,6483,2204,3003,5621,3720,2196,5026,5121,2173,7321,4333,2821,5399,1923,2786,7419,3811,1466,1803,3123,8654,2882,5574,1146,1685,2729,2966,3202,4494,3013,2110,1331,4659,1878,3128,1897,5795,4846,2055,9409,5324,3820,9257,1106,6083,4137,2329,5028,4166,2320,4865,4976,3398,1546,4183,8531,4381,6010,1288,4162,4097,2709,5097,3524,3418,1090,6932,2282,8074,2827,3899,6290,1782,1975,4247,4950,4076,1700,11978,6269,1525,7641,3952,4109,3024,7486,4764,2979,2197,1566,2826,1820,8023,6462,2794,2295,4854,13995,4200,4759,2220,1625,4266,2866,2354,1880,4071,3927,5137,1702,10411,4689,2651,8538,5918,2234,4523,3697,5791,6498,2620,4328,3833,2199,3810,1374,12264,8436,2915,13780,6567,1016,2348,3312,3086,4509,1312,5249,7528,1624,10333,1987,4755,4088,8705,3141,4344,3886,7168,2082,3457,4713,7396,6221,5156,1584,3720,5047,6827,4613,4241,3376,2914,4536,4370,5766,2316,6389,2677,2107,3711,2772,2078,1832,2952,6174,6304,3871,1609,1659,3487,3005,5704,5352,2851,1878,3486,2908,1140,2379,2155,5785,21006,2914,7001,3665,1748,6140,5931,3916,4012,1644,6600,9485,3301,1227,4722,4337,1592,1854,3090,4192,4280,2595,7871,9385,6300,3017,2759,5893,3845,5917,3822,1742,7210,4270,1248,1591,4331,5404,5169,6750,2000,1845,2053,1924,2552,6322,3236,2837,7731,7004,4662,6846,1728,1804,2884,4432,2731,3835,2255,3921,2278,1653,3682,2532,3927,5603,6480,9651,2287,5158,6495,4011,2918,2804,11207,4795,3944,2258,10744,2162,20111,3704,5535,6334,11890,13689,2242,3445,4705,2551,1512,6588,2471,4062,2134,5644,5065,6286,2969,4874,5429,7003,1905,1781,3514,3958,1566,2511,3084,6277,4556,5298,6128,2023,4441,2066,4134,4285,1962,1856,4075,4080,1722,1604,2363,1514,2377,5981,2000,9624,2354,6480,1376,11980,7234,3782,7335,2366,4367,2227,5190,6261,7545,3581,3158,2896,2285,2070,1485,2328,3082,3666,3138,5164,2613,2371,1491,1615,3082,4604,3731,7966,2976,4211,6954,12110,4326,1550,3676,2780,4166,5322,3382,7132,2948,4495,2598,3997,841,1562,11354,2327,2426,11369,863,5579,2600,766,4032,2978,4657,1808,2099,6039,3681,4239,2691,2179,4706,3370,11070,1166,7570,2368,3349,2970,3809,2674,6494,1953,6064,8621,1812,3320,4029,5632,2407,3803,3959,5796,3996,3586,2558,5426,4171,3112,1812,4128,1540,2742,5282,3916,18,6148,8217,2827,4412,5646,3603,1689,1746,6542,2190,1209,2220,8194,1934,5171,2783,4913,2615,7567,3827,2911,1622,3803,3424,1603,3460,3490,3308,6183,6249,2730,5597,2136,4651,9217,2469,818,3873,4428,6158,1616,5195,3942,9855,4439,5063,5916,7284,3709,6787,1771,1690,2216,2827,2396,1935,7203,4652,5797,2329,1348,5036,1785,3339,4872,3830,4249,3328,2583,1440,18069,6708,6493,2107,6486,1591,5030,6978,2429,3750,1582,4365,7195,2542,6344,1573,11357,6991,6188,3605,2795,7293,7110,13304,2702,11186,2286,1580,2154,6733,6622,2019,1502,1293,9333,4594,6219,2366,1386,7148,8578,1780,3411,5810,1744,2868,1460,1546,3518,8514,4059,4041,5487,1909,3751,3123,2684,3364,4310,935,3175,2237,3892,2837,1350,2426,3605,2589,4775,3797,10299,1667,6647,3332,6571,2589,3025,10578,3050,4568,1622,1132,1784,5057,8811,8086,2955,3030,1973,10340,2486,5796,4813,12532,2445,4266,8160,4856,8185,2895,4250,2458,5791,5123,1610,3840,3706,3124,2798,7569,8068,4989,11007,4564,5656,1287,5134,4716,1052,3827,2518,4750,3975,5173,7067,6433,1793,6030,2682,1519,6932,5338,5522,2957,6477,6021,2380,2764,4267,1558,3542,7276,1887,6088,3813,4674,1582,3498,5963,1841,5505,2064,2124,1105,1767,4413,4372,3089,12908,1826,1604,4127,5131,6609,3000,6036,4845,7716,3484,2238,3902,5193,8146,2116,11689,6692,5301,5892,6087,5715,2468,2240,1790,5794,4637,5418,4419,4689,3533,3427,3050,1693,2528,1849,3182,1690,1263,2481,1846,1563,5002,6003,11441,1831,11084,5841,5227,3307,3068,5272,2916,1725,2958,1686,3695,1559,5409,1498,2179,5129,2022,8889,4014,1462,2350,5640,2499,6530,3512,4464,4321,5918,4084,1599,2766,6367,1018,1524,6565,3792,6952,1702,5250,2247,1498,2547,3744,3983,3442,1710,5409,2209,2975,12016,7922,2111,6174,16521,9323,5202,6640,7822,6256,4854,5940,2075,4600,1811,3564,2063,6682,3072,3822,4478,1303,6597,1702,12385,1567,2141,11244,6895,8546,3559,2520,2163,6962,5583,4133,2569,2224,3069,2039,2327,1427,3544,3065,2824,4878,2175,2984,2456,4657,3532,2373,8421,7051,3582,2624,9575,6511,6033,6239,5903,9461,2425,4447,2666,3771,3329,3351,4165,4966,3169,898,2280,5230,3665,5114,9479,3294,1677,3991,3061,4187,1623,5384,4650,2083,3127,2479,2125,2696,5177,1314,3833,3242,2735,7913,3259,2981,4021,4869,2319,3327,3477,7817,2899,1857,5037,10682,11342,4819,5569,1693,3174,3956,6425,653,8637,4542,5332,5080,5294,1399,1897,3863,4427,7630,3242,7554,2545,5895,1586,1879,10447,2970,7624,2822,4007,4125,2367,2364,4193,6275,1677,4706,1716,9915,7900,2836,2209,1846,3476,1462,2682,4511,3577,9309,1461,3397,1868,2226,14960,1636,3551,3504,2407,6018,2781,4721,4056,1648,1514,861,8269,2370,4460,2176,2060,4122,2561,5083,2765,4636,7865,4949,1498,5350,7622,2538,7153,2455,2956,1995,4249,8269,2559,2449,14690,6185,4481,2428,1750,2107,2160,2642,1410,3630,3705,4229,3561,6238,2770,4613,5705,5884,1534,3768,1928,6771,3722,6719,2403,2585,2888,3368,3162,2225,3796,1397,5086,2780,2076,1445,1572,2247,6375,13477,4437,3097,2407,3024,3577,2562,6716,5659,4803,1517,1264,1730,6783,3750,6826,3878,6620,3244,11540,5321,2847,2995,4212,2791,4510,3325,6932,1435,2193,7910,4097,2129,4624,7908,3627,1001,5583,4076,6976,5879,5154,2799,6565,1821,2724,2057,1489,5999,1752,1192,2044,6003,1705,3261,8114,1843,5429,2152,7373,3446,3781,3062,8627,6243,2199,3471,6266,3914,3039,6152,3978,9939,7892,8267,4168,3912,2366,5356,7704,1776,2284,1522,5348,5267,4989,6061,1090,3753,5030,2721,3499,3742,8084,2029,4272,3872,1094,3316,3983,4001,2073,2059,4485,4233,1015,3408,4782,7153,2359,2733,3573,4530,3416,8939,2512,3053,8197,3435,7245,3801,2292,3274,5275,5395,2175,1727,4845,3979,8267,4501,1887,4701,2107,2193,2078,5184,3310,3584,4823,3426,5855,6223,8708,2177,2145,5960,1448,6190,4984,1362,2880,6578,3456,4587,9885,9094,7804,6172,7151,11792,1493,2154,2201,3280,3199,11051,1335,1421,4540,11770,6379,1319,6768,1993,6328,3494,1703,2214,6143,2128,4803,4124,1990,4448,1247,8455,3481,4069,3961,3192,3073,1548,1604,2005,10490,3194,3346,3076,1545,1525,4056,3522,5522,4168,1841,3589,3217,2918,5658,5439,2147,5995,2883,2283,4837,6568,2515,5909,1923,1268,7333,3770,2133,2410,3748,3574,4147,3232,2639,4679,3017,1353,3105,2810,11695,2604,5009,6317,7573,4666,8954,6397,1846,4841,3459,3630,3016,2305,3720,844,5179,6615,1624,10541,4569,3178,6832,5510,8577,7540,1519,2091,1325,1538,3033,5316,3004,4649,3764,4524,2449,4428,2939,4390,1241,2106,6560,11837,3698,6092,1411,2639,2681,7877,1553,2401,2061,1296,8307,1340,3410,1642,3362,5649,1860,4862,1369,3643,8432,11829,8020,3717,1996,2825,2383,4292,16755,3083,2134,2059,4550,2353,2771,3420,4429,1937,2007,3096,861,3679,2106,3186,3957,7553,4899,4669,1668,7471,1922,4422,4171,9900,4009,2039,9299,1464,3972,1693,2894,2018,5975,1510,7982,3315,1959,2633,1478,1382,4410,1714,2223,2898,2047,7080,4381,6329,1063,1722,7210,1904,5843,5408,1322,6913,2806,2013,7197,6324,4522,1852,3475,5001,1649,1589,1299,2737,2673,5621,1619,2142,5974,4313,2918,5377,3941,2882,1910,1684,2058,4383,6480,6990,7839,1609,2611,3096,15115,2069,3158,2259,3575,1495,4346,1246,3005,1867,5451,2475,1272,7402,1893,2258,2340,12966,9482,4353,3255,4575,3614,1690,6566,1681,4188,2163,4680,1541,2711,5523,4301,2484,2411,1536,5061,5949,1424,6467,1818,5262,1246,3930,3486,15394,6039,8256,4527,4274,6564,5565,3091,3322,1697,4649,3541,3899,2209,3808,3886,2500,2784,2194,3593,2329,1378,1810,2814,3640,6862,5209,4550,4371,4371,9412,4088,3869,5724,7008,3447,2711,4921,8158,4252,4299,5051,6219,7471,4823,2191,3969,1042,6022,2827,3684,1051,5135,6273,7724,2003,8703,3425,3332,3634,2979,3845,5295,7891,7699,8416,6063,2995,7557,5536,3189,2409,3017,4550,5169,1837,2142,3132,10918,6477,3695,1341,3427,2111,1788,2275,1882,1808,2912,6575,6456,3413,3779,2930,1925,3072,1983,6347,1899,7518,5616,4487,1599,4753,3598,8884,4092,6547,4183,4529,6214,1479,1743,2616,2300,2196,1812,10889,2736,6633,4469,4997,4804,1665,6838,1975,2540,1725,4737,2568,3969,1913,2266,7045,4678,3465,2512,2624,7938,13524,3662,3557,6540,2620,2481,1640,2600,1579,3018,6263,3318,2237,1630,6071,2038,6610,4597,1916,8760,3540,6715,4828,12643,5129,6171,4446,4589,2789,4120,6967,3536,5908,4691,13983,2508,7300,2413,4705,3939,4296,3032,7126,3937,2993,2572,2901,9557,4321,1946,7669,6060,3988,10094,1100,4235,7224,3509,2974,2150,3553,3926,1313,3743,6020,1284,2375,3002,13143,4155,2065,4155,4613,5728,1405,1749,2763,3391,1653,6620,5905,2395,2853,4931,12375,3283,2273,3184,5031,6505,7198,1585,1803,1765,10592,4702,1949,14907,2315,6717,1544,4305,2834,6486,3572,3648,8616,3371,10816,1171,2851,3981,2599,2452,4380,3063,2065,8750,2362,6794,2200,3902,3606,2250,3812,8907,3972,2209,5245,7164,6808,7002,4166,2993,5647,6433,1622,1874,1734,2433,3107,2973,8112,2782,1780,2837,6020,5077,2346,8822,3411,3186,3348,8671,1303,1633,12152,3381,11306,4924,5326,4190,3937,3802,2336,1552,2301,4757,2006,2463,2174,5482,3965,9455,6883,2950,3885,1065,7171,4862,4092,5874,4542,10331,1653,5159,10125,2575,5738,4381,10412,3340,1440,8527,5233,2872,1655,2104,5692,3379,3843,2444,1682,6987,6219,2722,3426,6442,6785,1471,6856,5397,2285,3510,4368,10050,5361,2875,2517,1853,3076,1816,2900,5835,2275,2040,4682,3621,4569,2282,2512,7578,1668,4369,5405,1507,4763,2041,4254,5657,3450,1372,4758,6218,7085,3145,3762,1305,4949,3914,3983,18474,3403,2744,3714,4988,4652,4575,3373,15995,1371,1703,2700,5004,1563,2719,2741,1610,4672,6354,3297,4100,2782,1811,8496,5589,3131,6891,4277,2093,3171,3562,5654,5554,4286,1396,1794,5043,2636,3566,4763,4407,4217,7229,2815,5752,7030,6176,2539,6285,5241,2756,5249,2258,4505,717,3006,2708,1643,1403,3420,7053,8899,1111,12689,5620,5688,3450,4027,2690,2232,8120,4364,9340,1993,2466,9369,9119,2924,1362,4450,2317,5137,4075,4971,6108,2430,6319,4177,5570,4409,4875,1846,3061,4607,4453,5062,2403,1470,3529,2326,2363,1571,5112,5668,2948,5943,3260,6779,5409,2975,6844,2878,3967,3320,9312,8918,2411,3559,7093,9776,3518,3035,3826,5186,1549,3497,4283,3827,2797,3320,4651,2899,4206,6189,6354,3673,2505,3737,2928,4339,2871,1560,3932,4636,1641,5993,2302,1787,7258,2233,2634,4415,1574,1778,3886,5077,2240,4012,3373,2469,4748,7693,2259,6158,11154,8827,3363,4191,2185,3587,5161,2144,1397,5259,4166,7308,1291,3373,2530,3687,5395,5137,4890,4574,4652,2615,3353,4830,2581,2329,4390,1521,4367,2196,4122,2369,10016,3729,6284,5432,2593,13530,7784,4879,6034,3367,5154,1501,2717,2224,1991,5326,2329,3972,3079,4734,7088,6142,4683,9515,4562,1716,6147,4871,1709,1356,6907,4574,4262,5927,1479,7086,3898,5498,10793,13094,3307,2570,1221,5736,6457,5015,2718,3996,4370,3010,4738,9552,939,3398,3236,1619,1971,4313,6591,4162,1931,9651,5123,6988,3949,8377,2565,3663,1267,5014,13951,9137,4940,5230,4762,2825,2644,4112,3128,7222,5766,3821,4649,6369,2711,3807,2373,6113,2618,3623,6118,3818,6078,9214,4275,4040,4280,6003,2794,8384,3576,4397,2041,3915,2302,3343,1399,2871,4841,3241,4884,512,2513,8318,11143,6951,5786,2904,2220,10545,6504,1317,4147,1745,6803,2955,4625,1766,4626,3159,14415,5512,5685,5565,3365,6358,8033,6516,4200,3629,5076,3888,1596,2457,12578,2818,1769,1559,1725,11031,2680,4663,2910,7072,5342,14493,6139,4129,3513,1690,3142,5322,1887,2549,3046,5381,2496,3508,7048,1406,3080,1799,2659,3683,4798,5007,2260,1899,1497,4380,4900,9955,4042,1313,7009,6462,6606,4209,1656,7733,1701,2436,4092,1989,6540,2586,1923,8381,4999,1595,1407,4451,5036,8216,1768,1379,5230,3975,2842,10410,2025,2493,4457,2252,2503,5899,3498,3201,3064,2706,5574,2990,1640,1980,6045,5459,3470,911,5174,3402,1413,6818,2404,2306,4389,7079,1320,2615,1739,3595,8620,6353,3706,4294,3809,3564,5434,3678,4535,9357,2075,2170,2960,2390,1330,2317,6477,3441,5077,6745,2200,1570,4166,3645,2581,3117,3890,1928,5548,5434,5173,5338,5766,14430,3583,3669,4103,3478,7401,4368,2856,8964,1172,1560,2296,4015,8807,2550,3191,3527,1496,5336,1091,3071,2064,6782,1328,4177,3574,6718,4577,13523,5490,2745,1029,4131,1677,2551,4000,3776,3553,2197,1702,2892,2464,2394,3885,4910,4426,3304,5669,4833,2560,4267,1619,2159,1849,10285,7656,1715,4939,3145,14767,4100,4748,1436,1943,7058,3711,4983,2500,6971,4564,2427,3040,1995,3606,3994,3355,6848,3276,3800,1541,4363,6431,3502,1539,2951,1907,4633,2453,1739,3306,5287,2941,3760,6190,1409,3594,3979,1820,4291,3932,2710,4251,8376,2667,2604,2677,4835,4486,1759,4125,875,2395,5888,5711,4498,2112,3632,5467,4640,6768,6012,5307,2505,2296,1914,2413,1576,4767,5600,7281,3975,4116,1690,3411,13050,4252,3498,2958,9836,9734,4046,4040,10989,2842,1544,1713,1950,7667,4101,2468,4136,1581,7141,2636,4953,5539,6864,5137,2272,2788,9546,8567,3188,1883,1718,4221,2766,1550,5939,5097,1884,2377,2512,735,2490,3116,2466,2070,2081,10431,1775,3627,3004,7361,4831,1967,2009,2085,3244,1611,4669,2638,3776,4711,4750,8634,6657,4440,7937,3780,4121,2487,3223,4957,2877,7173,1786,5765,1919,2698,3856,4026,2842,2106,5182,5270,2736,1888,5632,2640,4359,3799,2408,2961,1465,3303,213,1860,1675,7213,1947,2298,5621,1187,2134,2611,2365,3656,8292,1651,1844,3984,5788,3848,1158,2518,5050,8282,1723,4140,7557,5088,1360,3610,1956,1518,4694,1876,1763,6999,1362,1399,1566,4298,2887,7041,3348,1834,2206,6710,16226,1230,1771,2203,3324,4432,7435,3176,2436,3254,3330,3426,3550,4718,2175,2464,3448,2659,3836,1913,1995,1903,5166,4391,13048,3929,4343,1926,2628,2639,2252,1702,6814,2413,22225,3715,3839,1245,2395,1842,2605,4257,4669,2328,5320,19788,6202,8039,2773,3849,2551,2990,4198,5868,3265,6382,2404,4660,2135,4178,2108,3489,4315,2187,3325,6757,2659,4275,9741,3383,2835,2823,2653,2358,4968,5880,10554,2756,2730,6302,4080,1900,2423,3737,1712,1739,1172,1618,4559,2559,3418,4181,5477,3151,5554,2961,5808,6162,2907,3728,11135,6639,3035,3523,3963,1420,8045,3949,8537,3174,4224,4479,3709,2174,2868,5055,1799,5903,7060,4954,4787,3113,8285,1894,1997,6118,5182,4846,4863,1818,2902,2448,3629,2539,8300,3125,1623,2287,4132,1994,6237,2287,3137,6497,8685,2351,2385,6044,2254,4008,4504,1362,5976,4285,4659,3103,2635,2945,1615,3118,987,2524,1282,3742,3090,2547,4166,12408,2151,3113,4307,3311,4886,1866,1765,1758,4131,2778,2068,2220,3468,2032,2382,2148,3817,1920,5554,4552,4267,5164,3285,2514,1628,11727,5774,1677,6427,3030,8324,4868,3242,3879,4250,2996,1086,3783,1107,2110,5000,4963,2491,4918
8_RAD21,125,629,223,249,401,361,170,242,338,324,206,113,836,270,463,242,634,213,317,110,433,672,138,567,529,114,138,99,132,418,619,279,266,72,290,198,173,266,269,599,812,663,872,239,1060,116,88,226,109,173,458,232,490,115,632,372,402,54,524,191,296,258,332,85,790,154,186,221,228,1066,145,123,112,382,108,226,221,279,133,350,329,106,421,420,143,456,145,180,403,171,108,67,328,869,189,502,70,126,327,281,376,360,374,237,105,239,116,344,160,304,236,77,628,312,274,420,63,387,381,129,279,446,199,391,289,130,103,218,626,375,679,131,332,446,78,538,161,253,56,472,149,686,219,349,854,67,44,155,123,331,136,1201,563,268,544,367,519,74,510,316,135,34,98,458,175,1447,729,253,169,450,1218,165,552,179,199,304,176,230,113,278,352,462,107,1218,242,137,745,512,90,237,392,390,553,325,364,252,123,210,107,1212,367,215,936,479,189,98,195,194,271,122,384,573,108,660,173,328,182,544,177,251,214,663,123,387,324,468,387,811,50,255,300,558,412,371,227,100,341,377,296,125,495,204,130,213,221,85,128,216,678,403,411,144,212,162,181,350,242,234,132,285,113,83,184,180,506,1470,286,316,333,132,572,324,272,369,125,379,1049,203,140,223,309,140,83,321,251,168,66,305,907,277,205,254,766,223,482,504,101,345,258,138,246,227,405,336,479,248,112,167,116,151,403,302,185,853,486,273,591,126,125,237,335,367,213,181,333,174,121,338,331,323,539,565,572,115,496,367,324,316,177,693,282,349,97,1176,130,1138,275,769,346,724,886,124,340,443,203,77,311,138,276,149,269,268,399,226,453,404,776,105,173,149,208,152,119,188,509,392,357,304,156,297,129,177,229,76,81,415,312,121,107,65,132,96,223,98,631,98,249,137,900,497,390,431,339,269,100,455,306,309,353,157,212,380,102,102,209,190,230,302,281,134,171,85,32,237,187,289,915,130,185,511,1186,392,70,274,296,302,454,187,535,140,461,255,447,236,80,698,135,170,992,254,502,155,65,280,291,350,98,114,428,251,379,166,189,391,463,1180,133,398,64,268,211,476,298,441,227,579,626,87,243,282,435,232,158,185,381,315,113,233,393,155,195,32,269,198,70,340,260,221,346,425,520,387,387,233,171,158,566,203,150,148,674,146,323,307,335,154,383,397,325,182,335,208,141,284,157,143,502,526,219,445,169,412,720,241,326,184,324,160,39,363,459,627,366,182,336,754,230,988,124,156,316,180,183,144,612,148,424,62,108,341,74,331,315,291,200,186,81,200,1242,734,203,179,538,90,279,272,85,271,79,342,618,536,383,99,708,670,492,102,178,439,519,822,291,590,118,111,166,383,207,112,160,117,623,355,263,215,68,304,1174,105,243,402,129,316,118,117,185,632,404,295,442,115,183,156,298,123,702,72,162,189,288,125,133,131,282,173,425,206,636,134,495,223,599,144,249,763,217,365,33,145,191,116,543,556,180,135,207,679,114,221,141,654,110,320,328,234,603,196,332,119,283,255,136,177,352,236,264,393,435,203,788,330,318,66,481,366,165,87,66,366,308,350,282,449,66,443,88,104,635,404,377,204,236,417,81,173,422,196,187,854,164,396,295,455,132,212,383,132,366,145,114,70,125,190,524,166,952,103,97,230,99,711,124,507,496,481,420,85,246,535,401,154,693,674,272,334,355,590,174,182,135,270,489,449,351,316,293,241,18,117,143,167,217,128,155,122,104,71,391,367,758,146,496,648,421,269,198,360,2,28,162,146,155,107,562,109,100,203,221,598,124,74,202,519,290,313,226,269,334,343,252,100,121,471,170,34,746,269,849,97,432,163,196,135,279,215,113,159,228,197,364,1137,560,86,255,783,797,381,434,418,419,164,452,95,125,125,596,108,201,155,199,177,158,594,85,451,77,73,887,534,683,238,71,103,326,386,234,216,120,210,101,126,115,216,167,515,389,235,203,157,163,128,47,325,196,118,112,807,687,510,659,358,989,298,440,109,210,285,252,576,255,179,220,188,494,217,487,529,131,93,166,338,244,112,461,249,165,199,181,197,104,93,30,468,177,97,666,226,160,402,279,275,119,311,857,283,160,305,878,767,329,626,114,360,210,447,169,723,291,373,274,287,140,139,383,301,262,117,692,263,457,121,130,1006,190,689,240,304,297,243,152,209,349,138,249,141,565,257,202,109,160,223,165,617,241,280,1132,123,339,148,161,1157,52,232,269,86,302,125,574,312,120,120,81,628,231,157,286,145,354,73,536,202,313,892,250,299,270,579,126,770,295,261,326,268,576,99,53,1236,387,389,149,224,104,145,107,109,206,171,362,240,500,208,455,373,204,125,402,202,744,248,516,260,251,93,278,269,250,200,86,431,212,106,82,143,154,519,702,157,184,148,321,232,259,469,376,260,134,128,176,279,305,475,138,568,260,676,397,196,295,205,209,157,282,750,174,135,833,148,201,570,604,254,140,339,519,569,358,349,192,456,167,189,90,131,568,81,82,196,344,91,158,866,159,512,208,530,213,270,290,713,255,158,471,449,378,239,399,366,704,547,582,249,272,89,333,321,55,123,149,307,228,341,381,107,276,328,255,243,233,483,167,279,368,166,282,529,353,1,189,274,31,94,227,284,351,96,196,183,416,267,401,82,305,404,146,663,322,171,158,254,562,165,37,344,388,715,198,134,347,101,141,158,294,203,208,481,240,362,254,526,100,105,376,108,247,318,148,279,238,254,227,771,977,441,425,493,696,119,149,48,143,189,970,185,131,351,1045,444,107,815,99,370,159,28,22,257,166,238,281,125,313,103,644,192,165,367,213,350,158,142,119,952,271,137,176,105,178,362,328,465,219,93,349,273,137,229,525,128,416,249,247,233,428,138,503,143,106,581,179,96,123,210,206,262,154,87,130,234,131,182,211,1264,190,337,279,586,250,614,347,119,408,197,231,143,142,348,210,263,649,119,776,367,242,576,351,855,505,119,163,97,92,299,324,107,453,185,215,165,332,179,383,85,142,680,877,320,362,109,87,249,355,86,157,110,82,741,175,204,79,281,476,116,317,91,124,789,876,873,275,116,257,131,286,1280,262,179,61,192,175,289,155,327,109,139,127,84,260,39,223,261,373,553,224,66,431,116,501,306,418,173,79,608,108,322,170,231,137,452,105,707,183,146,214,118,110,328,196,144,271,121,467,183,342,111,195,330,131,324,288,145,549,196,127,463,589,151,109,296,319,133,128,103,156,338,256,69,165,537,336,187,367,545,272,120,145,81,576,390,672,496,78,144,107,1112,82,193,230,313,115,305,143,116,101,392,165,137,430,124,63,124,1048,986,181,206,255,254,93,686,110,307,202,326,109,232,415,367,134,249,111,404,470,57,341,13,294,119,232,137,1052,244,591,389,220,316,347,325,198,142,466,202,412,58,158,194,136,205,78,310,102,140,89,169,199,367,314,513,266,264,747,254,275,530,336,188,121,459,983,328,397,425,331,363,319,69,224,165,544,239,236,187,625,524,561,134,803,148,61,162,162,265,598,693,550,781,467,147,713,366,138,94,129,162,240,106,152,302,667,436,198,68,149,154,95,443,72,174,131,583,354,169,246,619,170,360,143,672,133,492,189,233,151,258,332,807,274,403,353,8,349,121,69,232,86,231,102,1166,216,339,284,362,300,153,473,199,68,95,265,253,259,115,113,514,121,507,60,246,848,1078,151,352,430,219,233,58,196,156,240,488,231,146,224,454,106,514,274,142,653,242,632,187,809,317,154,287,329,150,209,484,298,439,225,807,199,602,234,134,251,271,194,547,558,284,183,307,662,214,180,520,453,379,698,123,193,571,240,301,94,250,251,60,281,508,91,228,146,894,223,143,105,329,543,122,90,182,174,74,352,518,342,233,469,569,236,110,111,439,726,565,115,149,133,681,239,180,1000,117,494,125,151,131,332,304,261,209,302,549,177,348,254,176,73,260,188,324,510,100,602,66,341,173,125,301,401,273,131,486,726,445,512,199,609,309,537,136,207,86,136,221,72,564,132,146,149,372,211,175,711,157,336,180,523,198,186,662,175,591,179,171,467,316,149,200,77,182,415,125,250,151,464,210,597,405,453,190,181,494,390,237,445,325,913,89,478,592,109,702,274,491,403,151,553,273,114,80,111,657,235,177,237,94,739,403,248,229,492,333,208,357,391,188,269,330,921,253,180,183,100,254,102,155,434,199,287,300,145,426,210,199,589,124,314,254,87,252,125,354,229,269,152,286,355,665,379,185,118,518,356,250,1299,225,177,312,402,300,328,255,860,64,216,202,325,43,170,201,172,246,377,112,199,151,115,583,599,269,436,148,156,148,269,478,180,346,90,220,347,204,363,250,244,289,566,161,462,467,154,220,546,317,440,365,185,289,196,272,136,121,98,179,598,552,68,785,257,416,188,272,219,127,635,225,511,146,179,644,552,356,99,160,168,272,183,253,310,196,784,293,324,468,263,132,343,388,329,203,205,102,265,165,167,13,353,225,152,769,137,53,319,244,516,132,237,187,962,694,196,318,612,548,141,73,250,428,123,227,249,315,192,182,376,186,384,570,426,225,210,268,224,418,307,234,170,380,96,454,106,94,459,98,137,267,136,110,368,288,124,135,120,202,268,348,236,432,689,797,254,344,94,226,316,178,82,422,417,381,108,225,104,456,252,288,258,602,134,184,185,402,209,152,538,145,296,129,318,260,713,576,339,378,182,1120,640,326,520,172,442,96,168,44,100,571,127,276,343,405,514,454,326,534,465,94,433,449,82,165,958,284,312,239,88,365,230,345,890,568,229,182,101,349,279,342,252,276,196,233,390,480,129,146,253,157,159,442,542,165,100,712,309,777,245,723,174,200,96,352,1077,407,346,203,306,145,331,272,214,435,302,113,305,550,125,214,56,346,92,235,716,213,216,883,259,207,274,443,148,554,122,325,226,303,158,232,78,245,277,47,275,58,48,685,866,574,355,513,237,731,619,129,443,82,273,164,261,125,233,423,924,397,363,350,97,580,844,430,387,236,480,480,56,244,1008,172,90,132,65,1078,196,138,209,591,314,1607,537,428,243,165,124,396,132,81,237,430,205,330,245,129,564,169,241,262,389,346,174,166,187,307,353,849,284,62,469,388,521,296,128,381,223,226,405,146,433,241,250,517,290,127,65,310,208,371,129,97,507,333,224,643,104,246,266,102,144,486,268,218,237,194,438,334,63,124,607,435,319,91,269,116,114,416,83,98,441,493,219,167,61,164,944,238,286,332,320,335,351,155,407,449,144,30,243,89,90,227,327,413,364,641,150,220,308,349,226,182,57,123,435,364,293,130,346,821,345,261,186,175,503,100,145,484,128,221,214,286,444,215,377,103,57,349,82,251,160,251,86,221,112,816,231,723,390,212,222,367,126,164,173,187,223,141,78,538,266,42,209,318,297,201,460,431,107,219,82,160,105,864,634,96,337,195,780,308,353,75,90,173,245,209,402,473,455,102,170,109,174,246,688,402,276,318,128,186,495,268,136,462,197,380,110,191,546,332,283,258,665,124,123,142,169,423,229,40,257,399,132,98,156,339,355,105,327,63,166,309,386,447,110,369,347,756,641,410,353,149,131,129,133,125,178,466,496,273,207,123,234,1085,340,219,100,776,339,284,269,583,210,55,135,94,654,236,123,193,100,817,196,765,605,574,407,254,173,7,474,366,125,221,212,231,69,402,292,185,304,106,153,294,189,302,162,163,687,79,386,135,669,446,127,146,215,199,93,533,266,234,365,413,806,370,283,779,212,296,148,141,275,177,477,156,227,85,505,337,159,236,100,431,399,194,116,479,198,375,359,141,228,198,293,66,100,100,309,107,140,380,164,223,187,174,230,839,121,86,295,407,261,131,119,350,570,54,222,423,356,115,289,116,64,284,113,79,559,53,84,147,381,558,642,198,61,133,475,1270,86,83,100,205,199,700,213,193,554,431,265,291,407,126,163,193,173,245,189,163,114,202,133,922,270,479,179,92,113,199,135,516,188,1603,247,166,120,146,160,211,347,208,113,339,1475,391,702,199,400,187,161,351,503,259,310,217,383,173,132,131,335,464,133,128,478,221,480,619,168,155,155,145,172,619,613,530,219,562,292,267,128,150,280,131,92,107,75,264,187,149,145,456,262,436,117,560,616,114,396,959,478,263,157,260,163,525,0,765,163,316,395,305,142,362,305,123,471,814,92,244,208,848,142,136,581,235,380,148,96,135,96,566,192,560,189,142,58,195,126,773,246,197,663,902,122,194,478,156,415,254,123,371,274,179,199,210,387,183,435,88,184,70,140,287,110,387,495,177,158,162,193,297,169,130,112,321,244,122,94,307,224,178,74,348,208,443,181,250,274,69,257,83,933,494,87,369,186,559,375,135,580,206,263,71,109,168,54,269,459,163,318
8_MYC,228,602,334,266,373,232,257,328,281,234,287,166,1388,323,522,343,582,243,501,191,553,671,120,431,976,181,402,179,240,453,820,381,380,115,187,299,177,434,323,663,539,722,670,220,1010,57,166,291,212,93,534,241,600,153,1000,605,212,144,717,290,157,474,389,117,1133,125,172,127,261,964,135,280,121,520,109,395,506,331,176,195,441,250,629,451,340,435,185,207,468,430,192,193,308,879,171,509,170,193,371,294,141,590,308,210,153,258,203,273,163,517,445,150,709,363,263,462,143,536,350,159,534,535,363,349,327,188,165,365,772,475,541,123,577,413,222,508,297,345,179,566,123,680,203,356,605,58,140,252,371,584,170,831,306,82,645,259,702,138,622,468,184,200,108,289,262,1336,518,440,179,355,1069,297,482,123,128,356,313,192,215,468,429,718,153,2441,444,230,1016,419,218,405,318,553,490,221,266,225,116,246,143,1082,517,245,1042,338,316,189,263,221,143,192,446,428,247,776,78,239,26,449,221,233,259,277,168,420,515,334,391,894,136,515,351,544,464,290,363,153,343,147,556,273,16,168,205,155,229,179,236,322,789,349,291,167,245,242,290,249,237,231,188,336,237,135,366,206,266,1594,317,301,224,267,705,297,517,391,209,492,1566,308,280,430,297,226,204,427,246,184,186,710,751,392,188,297,1028,259,434,339,107,385,349,192,297,144,662,312,564,383,95,156,216,296,441,175,384,804,453,363,298,178,161,408,424,275,462,172,547,290,160,159,350,356,822,816,880,279,509,450,359,406,86,933,342,399,46,1101,243,1620,550,630,485,1021,943,162,255,473,194,65,564,337,248,116,353,508,451,212,438,589,601,140,309,244,354,243,191,253,614,352,380,459,189,507,146,218,416,105,78,156,579,275,76,220,51,356,425,243,576,166,395,216,529,810,413,323,216,509,169,428,240,495,394,307,227,335,168,186,118,128,306,278,265,108,225,144,253,525,538,587,595,198,308,520,1102,542,111,346,272,459,436,111,961,355,530,190,409,294,164,1073,279,335,1553,219,502,254,160,312,452,342,121,255,592,464,387,207,212,199,393,1079,142,427,205,263,341,445,279,435,158,682,1033,135,383,441,315,175,114,255,557,397,183,322,359,151,208,108,651,314,193,535,344,280,490,208,576,279,401,342,743,358,331,212,122,168,578,136,206,147,245,200,462,579,226,148,342,372,106,276,137,340,457,473,404,352,130,536,694,290,590,397,372,203,147,452,409,755,245,131,416,822,148,768,138,152,518,237,242,120,397,213,711,167,250,615,145,411,550,640,241,172,132,157,1032,661,353,118,368,143,480,329,314,263,141,240,768,485,609,145,1129,835,601,233,397,365,816,1005,302,648,56,198,121,24,309,154,100,125,915,438,219,260,127,204,333,132,381,618,149,518,144,184,246,795,552,333,496,130,267,336,257,190,313,137,151,107,161,252,90,110,304,308,550,205,828,134,594,414,525,160,86,724,196,321,158,178,187,383,714,524,209,255,508,845,227,436,458,1097,236,644,374,297,1131,211,240,152,450,509,99,242,631,344,164,480,367,459,660,327,506,121,391,379,188,400,172,369,397,580,629,458,124,604,428,240,349,367,185,197,388,408,176,242,561,253,365,555,78,429,231,409,95,207,579,160,421,178,339,179,178,58,584,159,936,214,166,362,316,393,187,357,412,767,405,211,127,578,404,244,672,665,349,501,619,522,227,217,63,246,620,412,360,665,254,240,229,259,231,180,162,141,156,319,162,117,450,339,636,306,952,677,174,394,293,250,300,150,204,226,270,242,569,171,101,419,197,615,238,135,320,510,470,608,360,226,502,187,429,108,169,670,102,156,891,300,853,183,325,196,153,215,126,219,208,184,368,236,371,914,1032,163,522,1280,1186,432,354,818,529,326,452,164,350,170,441,209,538,141,270,326,271,725,117,1064,163,222,698,470,653,324,177,88,364,338,307,439,161,326,201,80,211,380,410,411,251,311,121,116,372,486,216,1058,644,329,203,845,692,701,483,574,1075,291,590,127,386,315,393,663,367,283,195,104,267,286,489,650,232,188,191,451,178,173,549,314,247,210,308,215,149,464,187,367,234,222,881,260,328,337,234,244,171,180,586,245,80,409,839,937,399,456,133,335,310,440,254,627,844,290,377,460,229,175,261,224,541,207,628,177,642,152,246,703,127,162,125,608,278,329,163,363,599,217,395,141,415,692,168,301,226,283,107,239,157,363,836,138,188,238,97,1751,82,322,162,119,474,121,794,224,159,147,130,756,188,359,392,319,310,135,563,235,406,962,441,219,433,515,182,454,240,385,323,257,673,103,247,1397,370,421,196,221,161,268,211,163,366,250,338,315,401,347,299,354,287,134,256,175,567,206,473,222,190,264,353,216,197,273,231,386,378,238,137,255,112,404,1103,387,304,363,212,519,288,310,341,325,234,98,85,881,260,431,257,569,274,627,697,251,453,269,277,362,416,660,230,126,537,293,269,436,586,187,173,461,670,714,480,789,289,367,305,358,178,145,136,125,80,102,436,155,217,1017,265,570,179,623,287,292,299,608,572,200,748,526,495,319,659,432,966,373,831,338,3,179,426,356,85,177,82,441,254,423,435,144,276,227,257,346,77,484,121,352,425,169,161,337,404,127,213,475,139,96,206,379,581,135,206,275,330,604,727,237,275,809,117,803,482,179,234,448,748,101,61,321,380,913,340,185,488,29,259,304,497,177,206,468,382,441,346,779,97,180,659,68,452,390,229,318,441,340,240,828,649,584,376,434,1005,259,191,217,379,253,1120,187,188,184,593,555,211,643,167,704,395,301,25,609,140,297,295,198,231,126,590,227,265,261,326,187,151,112,136,870,307,381,103,212,60,294,287,697,482,126,213,228,276,590,373,282,441,156,143,384,480,119,459,208,134,779,405,200,165,248,253,132,246,199,354,246,208,420,224,1111,111,442,580,744,415,974,430,146,404,261,379,171,233,376,159,291,755,175,958,339,263,378,723,795,335,79,120,135,191,244,241,256,410,349,242,178,319,173,308,124,154,946,1147,879,313,164,193,293,512,141,164,225,108,683,176,264,180,264,838,144,460,108,199,732,883,789,254,138,125,190,407,975,297,375,149,369,260,171,217,674,162,302,256,164,425,142,260,275,837,391,405,82,566,153,408,279,763,501,155,826,180,379,150,367,139,663,189,768,419,195,268,143,168,263,165,268,335,115,191,426,387,141,304,413,107,292,297,163,443,249,273,343,698,338,146,167,516,13,187,108,182,206,422,54,422,411,416,457,421,529,213,198,109,244,473,584,651,762,172,20,192,130,186,256,202,404,197,366,139,289,89,687,211,338,427,219,175,95,1314,780,295,252,420,264,251,524,195,258,191,401,148,317,764,341,72,339,251,546,615,123,231,143,405,104,190,355,1219,138,606,530,561,309,470,277,227,241,439,315,413,82,292,384,215,226,179,262,197,83,162,121,227,518,424,219,428,295,583,319,404,986,482,275,153,252,895,329,236,580,421,484,352,173,293,126,581,396,273,504,623,536,677,200,940,188,347,201,110,338,610,797,527,810,502,325,892,299,397,134,182,203,462,139,371,259,935,475,178,493,353,133,28,4,278,5,218,468,774,182,309,697,216,507,158,539,193,576,455,441,193,3,556,697,315,432,377,452,473,72,184,241,138,316,155,1155,190,502,359,311,460,174,399,195,174,110,311,270,450,211,187,628,361,577,207,372,865,1167,438,594,505,309,373,118,298,162,368,758,132,140,221,523,119,530,322,122,671,387,599,473,968,475,637,216,234,260,244,595,418,756,270,1112,129,538,145,591,343,250,255,688,413,195,150,296,526,300,275,450,528,484,468,97,194,647,209,262,163,490,177,114,271,462,168,147,231,712,211,279,407,401,555,137,173,136,206,275,123,237,489,188,304,772,244,121,173,295,637,577,106,118,194,768,306,335,720,141,712,247,433,252,466,427,374,758,454,892,311,397,377,188,177,303,217,353,870,327,646,177,374,174,174,407,760,392,227,249,879,793,612,377,667,465,561,186,236,196,162,243,237,762,177,44,336,352,292,253,880,260,163,282,678,237,144,766,372,944,411,308,536,340,300,223,82,282,614,169,206,251,464,295,731,442,411,411,226,213,541,405,346,395,814,208,580,1041,103,463,343,1134,561,82,762,462,229,107,132,342,321,100,199,153,201,545,234,310,246,779,175,513,243,298,349,272,1025,523,265,284,136,396,209,208,515,115,154,135,184,394,167,252,699,250,326,241,177,361,259,274,485,196,174,397,890,597,682,178,107,453,373,271,1162,266,210,291,332,482,110,294,1606,165,279,314,238,163,381,157,64,250,408,287,99,200,144,514,449,189,433,131,265,195,263,303,294,409,161,262,609,190,283,470,444,182,608,86,424,508,384,317,323,466,471,354,214,309,276,267,257,113,136,241,893,695,297,1159,593,238,407,278,236,269,849,393,498,178,252,393,636,336,183,165,234,246,289,421,477,186,547,338,497,516,407,122,239,352,386,279,204,225,258,196,262,181,565,219,246,697,244,674,252,391,1124,256,194,256,743,655,242,313,347,646,180,248,285,647,125,313,255,357,213,322,188,249,524,212,679,239,137,309,332,247,246,127,366,172,183,892,82,168,420,254,267,235,195,205,503,389,212,297,213,201,360,453,176,477,1127,648,452,139,186,301,480,151,203,196,331,427,154,223,209,381,287,389,370,452,306,114,295,375,231,177,822,104,348,180,318,247,854,612,405,606,332,1274,688,370,541,310,436,155,245,161,210,636,84,358,364,940,698,398,283,955,331,128,581,423,158,324,889,392,419,617,148,498,177,106,1049,1005,298,233,199,579,492,485,200,351,220,287,317,721,254,263,105,139,180,300,654,245,144,893,357,605,62,1200,229,339,133,348,1424,745,259,221,214,160,276,333,170,535,459,259,394,8,159,174,225,405,192,204,586,328,446,1029,385,280,332,614,244,396,238,304,172,444,151,249,155,261,422,207,417,236,193,515,806,750,439,428,298,885,513,272,440,141,667,220,412,138,310,255,1361,403,637,455,463,277,479,391,416,289,430,429,163,285,1154,219,79,238,194,854,295,376,254,406,306,1738,406,461,313,350,281,576,108,91,88,569,292,331,1111,153,668,169,350,302,419,468,98,93,159,444,387,643,362,158,848,368,807,376,151,610,236,201,372,249,449,172,275,773,335,154,253,446,273,509,108,157,328,438,276,632,143,194,294,245,125,337,139,322,313,189,390,626,114,208,746,347,196,203,417,256,93,468,13,220,438,460,158,178,167,314,606,325,399,412,483,290,475,254,349,427,251,104,304,137,140,277,302,201,490,673,144,146,245,238,216,286,195,185,278,467,622,502,457,965,300,230,183,268,402,394,232,428,140,240,191,226,544,361,400,183,160,371,213,506,64,322,217,528,266,816,380,1062,414,88,216,200,162,260,294,635,273,220,104,519,286,113,367,219,376,323,377,526,281,354,161,354,161,984,985,190,404,304,1371,447,517,139,163,205,223,386,679,492,188,148,254,152,280,290,496,444,225,410,131,222,439,148,161,370,236,358,259,165,414,309,176,264,766,124,216,241,228,773,515,220,382,614,246,223,240,506,99,217,394,145,307,746,216,618,159,456,601,749,502,448,366,139,189,177,170,179,427,543,281,297,197,162,227,735,402,152,226,1154,929,277,348,751,226,97,229,1,601,439,239,321,161,498,184,635,688,524,526,222,167,958,736,350,148,345,300,433,226,340,293,174,216,204,166,249,350,535,148,108,644,66,239,399,958,326,109,169,367,355,211,745,268,216,353,318,684,472,493,534,449,291,173,233,249,382,411,227,534,176,745,510,278,299,99,432,359,193,287,467,162,658,364,157,300,131,333,240,328,104,540,181,139,528,167,243,362,92,253,579,152,286,274,352,349,177,165,409,546,99,266,555,449,186,239,124,197,240,124,152,691,131,139,243,294,708,705,247,50,220,878,1333,113,141,165,216,259,807,347,13,667,417,256,139,522,156,243,221,247,232,160,197,149,334,214,974,280,341,175,104,191,269,224,398,146,2038,379,379,153,227,216,273,395,383,288,680,1640,385,490,249,567,3,261,505,552,227,257,248,501,229,362,305,359,380,180,352,705,375,412,768,249,431,360,213,221,647,376,692,117,241,564,222,193,330,362,169,174,148,157,289,389,190,271,638,250,572,123,697,826,152,408,970,568,321,225,279,316,816,0,720,173,372,183,360,182,512,489,118,171,998,206,455,204,331,208,123,620,480,770,262,184,240,169,745,109,406,272,164,269,437,229,433,355,234,712,1128,101,142,424,219,494,234,198,314,318,504,200,224,304,163,318,166,255,221,264,319,81,569,848,182,267,415,299,392,239,198,117,436,279,205,199,268,115,192,263,471,249,532,199,312,299,210,207,149,1191,592,341,175,311,813,346,234,512,259,246,132,490,199,226,473,583,240,448
9_JAK2,69,402,72,12,187,148,146,112,239,151,219,132,142,88,462,126,653,26,225,24,391,474,129,113,384,114,0,40,44,300,577,66,118,33,103,215,56,277,105,121,300,504,64,149,638,66,75,531,45,85,401,109,393,126,383,102,104,60,247,40,198,225,334,74,548,105,34,126,64,1133,65,226,83,107,164,161,359,33,97,242,229,88,359,106,218,167,143,124,237,216,37,55,249,704,106,455,47,100,308,61,72,159,177,88,42,71,129,154,107,87,64,35,966,396,127,239,54,657,143,46,240,338,141,304,235,58,60,57,269,70,190,56,57,282,71,189,96,9,49,76,117,494,140,156,879,69,16,84,150,178,56,1058,379,132,369,185,272,44,133,53,175,9,53,77,132,874,112,104,84,288,678,268,247,239,69,173,29,31,49,121,245,342,54,776,87,62,605,200,161,217,131,400,400,117,201,165,100,218,114,707,310,68,437,112,12,180,119,98,118,91,375,145,114,272,2,110,121,339,7,229,59,220,15,216,136,208,231,647,97,329,157,343,172,205,210,56,273,364,313,153,245,36,114,163,108,64,103,106,594,112,180,110,142,185,258,539,173,23,77,103,149,162,120,66,236,95,180,145,36,92,466,254,121,134,47,337,1120,252,130,100,184,140,96,111,79,48,165,472,705,87,185,155,749,174,313,115,72,171,276,38,211,66,259,128,451,261,81,123,215,13,208,195,77,419,203,270,649,145,137,181,185,192,90,165,402,163,38,191,57,166,304,625,505,145,348,716,145,191,21,751,190,161,64,523,174,968,134,311,50,636,621,123,142,356,131,124,493,48,106,97,147,339,217,101,224,244,559,46,34,17,278,52,83,317,320,338,208,99,27,209,45,39,177,192,15,5,254,72,73,39,77,51,976,52,272,73,192,140,112,333,126,125,183,294,185,191,50,257,35,95,210,26,150,56,165,74,173,229,193,137,77,99,118,276,93,317,345,113,99,426,700,191,33,146,197,451,327,61,189,167,274,107,178,37,62,253,166,87,1000,19,86,86,10,279,141,279,49,117,529,214,284,58,175,189,49,1,98,277,89,53,77,103,35,239,170,617,241,137,81,279,166,93,70,29,213,189,101,23,133,146,195,42,470,113,28,14,415,0,111,630,288,112,361,207,167,237,369,167,83,65,345,44,189,310,388,174,66,144,56,158,191,250,171,203,133,252,232,38,324,278,93,318,573,98,247,80,406,123,22,259,458,421,1,92,286,296,197,609,30,76,149,74,99,40,185,127,622,28,76,282,58,17,162,280,183,16,120,153,24,422,88,44,245,114,290,168,63,61,70,85,309,50,189,82,758,259,370,136,75,58,583,717,281,197,26,151,143,312,149,85,201,94,352,157,189,188,13,217,250,18,121,354,78,154,188,165,160,183,149,250,332,63,10,128,223,32,293,5,87,24,102,94,26,42,110,178,72,120,527,144,264,63,378,108,118,178,103,144,67,169,107,66,299,391,204,9,21,518,4,328,196,353,137,146,301,101,574,119,300,55,450,219,81,177,119,34,128,573,409,36,838,11,245,60,235,122,105,95,108,280,170,181,268,166,67,707,72,60,365,236,534,0,67,105,155,135,238,19,59,602,93,320,107,248,101,78,382,58,136,35,144,31,14,52,274,45,568,43,9,281,239,409,46,208,165,248,70,110,185,334,162,117,854,493,92,180,175,240,69,164,108,22,369,273,126,0,316,136,184,18,98,91,148,12,165,143,86,61,224,341,562,129,676,562,346,77,78,122,40,38,105,83,77,66,508,121,75,207,189,354,104,178,249,370,347,349,253,116,300,129,27,21,65,976,12,49,280,121,489,29,96,73,108,81,68,119,209,42,235,148,171,386,633,112,147,463,505,316,399,604,95,149,213,105,123,133,152,115,41,69,179,212,34,615,6,656,77,44,385,310,67,279,71,88,240,226,400,315,53,57,124,164,72,165,231,215,130,78,84,75,299,363,109,1081,168,205,4,226,556,806,206,169,1062,132,311,18,108,52,248,368,100,279,1,147,122,184,355,561,89,102,84,242,136,96,701,127,66,39,118,109,38,202,21,270,155,38,85,215,315,318,138,289,138,258,391,72,97,394,208,648,164,549,52,249,100,182,73,308,64,238,379,171,38,33,189,144,413,153,218,130,480,96,50,776,10,190,46,176,400,176,79,340,510,73,139,108,359,585,19,121,100,119,16,334,217,96,133,1,314,99,109,1193,114,156,150,40,175,146,437,42,40,130,78,237,159,181,205,60,302,77,200,117,114,506,82,1,262,150,88,768,183,143,97,12,346,27,62,1142,151,152,79,209,129,247,103,40,68,41,132,345,162,297,182,387,171,55,258,10,205,110,192,86,145,87,196,134,108,125,22,141,179,79,106,100,138,406,571,32,68,142,144,162,62,251,449,80,160,19,84,472,103,397,16,515,261,340,205,9,161,184,234,225,366,668,84,97,568,86,166,207,329,69,259,33,174,414,319,383,119,146,75,37,119,9,152,52,13,215,165,148,35,487,56,416,42,171,231,4,109,354,344,132,113,169,179,119,148,439,358,378,275,68,330,94,274,248,43,37,36,109,183,100,350,61,225,193,13,132,90,413,93,55,332,107,113,159,105,59,59,207,128,22,132,153,60,58,53,101,140,618,491,65,114,469,59,614,182,126,160,137,109,177,19,197,121,468,20,74,106,60,5,109,264,79,201,198,441,254,359,265,119,105,38,63,452,210,68,174,97,132,50,900,1311,275,320,410,389,142,70,41,64,127,1274,67,102,73,546,308,142,153,89,268,82,117,78,338,34,318,259,155,105,90,267,122,149,186,93,315,87,95,74,651,161,55,72,9,56,7,102,91,267,61,246,195,150,95,120,46,522,55,89,15,127,134,291,7,16,450,285,51,82,149,152,235,53,112,161,53,3,225,81,716,150,248,39,339,157,168,67,2,270,222,70,43,54,257,94,283,356,37,593,201,122,100,401,165,327,42,57,33,167,152,118,3,83,36,298,52,120,62,581,79,140,338,531,332,330,144,93,74,155,30,81,66,123,581,40,234,53,253,309,31,397,81,226,785,561,451,146,165,6,33,278,904,208,201,20,7,160,137,20,286,39,103,133,11,384,55,90,206,625,92,208,67,574,29,312,333,362,93,93,386,45,229,10,200,43,297,28,530,391,32,110,147,77,275,128,97,241,74,451,168,245,90,107,20,36,272,336,72,285,96,78,436,390,126,72,202,178,128,70,130,166,281,336,86,253,198,121,121,235,217,244,122,73,40,376,352,253,246,130,211,89,731,116,71,70,355,62,358,22,51,27,540,144,121,279,33,148,66,923,746,0,145,256,64,81,247,38,53,161,144,6,146,182,235,126,168,50,270,299,58,68,117,314,27,132,96,432,138,249,152,196,54,320,189,15,104,241,193,65,99,44,205,95,142,38,230,56,55,61,179,158,200,272,239,143,126,885,131,112,276,73,176,14,455,549,177,169,116,222,57,127,77,147,61,504,213,70,155,222,478,624,176,660,210,234,121,161,415,332,314,198,330,738,92,128,130,137,58,81,264,266,104,267,84,298,341,169,41,146,133,144,3,61,26,76,245,498,22,114,282,44,10,33,541,39,320,177,128,109,366,335,769,155,110,140,0,443,102,42,149,73,157,104,625,47,425,309,255,88,83,381,81,336,122,95,80,242,177,122,182,55,185,3,161,516,1082,193,669,69,359,22,29,145,19,96,11,126,83,38,144,138,203,137,77,442,66,714,145,1075,185,178,252,17,127,195,182,166,405,222,512,66,472,174,80,229,117,104,27,362,29,47,134,317,109,132,342,430,388,822,46,213,403,274,101,59,120,168,173,172,290,112,115,28,61,95,191,293,110,15,20,80,62,76,97,6,377,254,55,146,1026,93,92,61,408,423,636,47,45,240,693,34,64,976,45,70,6,90,2,130,203,171,206,335,344,126,78,203,156,121,286,69,102,849,98,628,111,95,85,44,218,83,299,58,658,604,376,856,114,301,255,276,123,72,88,150,99,43,491,27,64,42,198,70,116,285,56,56,105,185,73,57,584,22,318,58,286,404,89,99,146,53,65,563,162,87,131,157,148,531,333,267,252,199,206,273,56,295,276,1174,71,156,515,59,555,166,588,244,60,7,243,64,175,188,213,104,99,64,52,432,511,214,212,186,726,199,217,107,75,57,202,605,304,144,70,74,195,95,134,108,89,12,2,110,284,56,129,379,215,264,199,49,158,65,130,241,287,42,154,306,594,214,134,129,12,133,59,842,148,23,178,342,257,100,68,242,126,15,80,124,12,30,132,70,166,281,168,99,41,51,114,190,177,335,309,95,81,112,254,177,222,8,138,10,107,488,46,274,69,466,134,275,232,149,49,243,356,212,218,58,156,23,188,121,2,146,59,535,212,51,105,334,186,16,0,260,106,890,181,299,95,107,607,223,175,47,155,39,31,112,65,189,91,748,173,238,45,133,64,68,107,52,303,234,41,123,101,140,24,74,16,50,650,76,393,555,109,685,141,19,40,801,166,76,78,147,119,35,81,115,330,86,59,119,133,79,22,411,66,214,196,639,125,139,448,168,280,275,43,150,252,100,160,16,58,268,192,107,206,86,143,226,17,222,40,168,124,306,274,43,279,413,911,425,94,64,55,197,86,33,133,220,712,108,95,58,259,178,201,102,111,45,33,180,167,93,81,239,66,181,135,179,267,457,86,330,287,162,822,543,225,367,122,120,85,232,21,65,389,38,228,34,166,402,287,149,483,16,34,448,162,97,60,542,16,110,100,28,901,133,8,485,635,149,222,4,447,243,75,81,357,9,165,240,422,98,20,232,124,28,384,589,71,28,168,154,710,104,250,139,285,71,139,1029,572,115,206,345,54,219,41,156,291,165,83,122,147,50,43,142,92,75,36,267,134,289,317,263,103,287,404,225,278,14,103,152,188,61,51,77,145,81,52,244,11,64,104,486,226,336,138,53,324,130,9,433,76,469,91,275,65,285,3,427,433,462,140,57,0,520,188,67,103,138,128,23,101,1261,177,159,39,181,599,116,156,81,328,12,1417,494,302,59,50,78,434,72,94,111,47,75,363,370,73,18,95,127,209,134,222,29,169,72,206,107,835,99,112,269,33,781,360,88,160,75,119,252,101,61,260,4,483,213,47,91,368,178,146,145,99,306,180,43,639,374,169,282,72,62,134,254,199,214,121,116,407,30,114,256,182,97,119,2,93,140,211,85,34,320,209,13,156,39,274,543,149,290,213,149,115,134,44,279,184,73,2,108,113,176,76,10,156,136,294,103,85,55,217,245,134,26,7,353,3,375,130,37,685,239,133,69,209,147,158,45,113,35,97,145,252,689,123,222,199,143,127,14,73,128,372,57,159,89,829,225,132,62,156,91,164,2,99,226,265,85,31,68,309,93,51,7,335,306,294,213,526,100,295,165,119,45,264,355,15,94,162,952,251,187,55,40,317,92,59,306,390,420,64,14,77,145,258,494,325,231,400,87,189,111,0,134,121,68,179,119,81,92,204,73,115,263,117,147,25,90,320,218,122,91,68,61,87,177,197,119,110,150,64,66,201,150,161,39,150,687,330,272,465,123,106,84,51,160,53,289,343,304,92,32,101,32,1044,186,203,83,664,398,219,193,454,171,71,95,47,757,216,38,31,121,281,84,442,534,486,201,19,266,356,431,155,88,135,127,258,131,318,41,36,55,130,147,193,259,192,46,53,318,61,108,140,526,285,50,98,50,127,123,637,127,217,197,22,947,383,237,358,67,216,156,74,216,167,337,137,322,95,559,30,0,122,77,226,229,47,99,252,92,104,50,79,157,26,98,48,178,31,619,79,33,314,45,134,183,151,301,723,101,106,6,428,203,168,101,163,277,63,170,297,371,86,182,38,88,153,56,67,368,65,28,105,127,103,273,246,2,75,377,1028,119,35,62,61,105,297,204,57,170,130,77,108,368,62,13,99,160,136,31,32,89,123,74,354,83,234,111,98,142,44,25,226,95,2518,46,23,93,9,47,63,248,81,25,230,2163,161,21,141,729,124,139,304,424,184,455,21,246,241,355,145,236,97,112,48,200,156,190,165,75,271,117,148,15,358,358,235,61,20,287,149,93,222,205,108,76,131,48,71,86,89,181,597,275,195,31,621,280,110,183,445,444,114,92,176,79,586,127,101,55,230,235,210,80,169,215,126,278,744,104,320,46,436,75,99,212,286,256,292,8,25,59,309,84,299,226,18,63,146,163,265,124,82,652,521,135,75,27,80,131,17,161,126,354,146,66,126,237,16,161,92,115,92,75,281,2,427,266,36,84,196,243,324,58,85,51,166,90,98,130,177,43,86,11,222,46,419,132,436,288,168,225,75,751,234,254,64,54,468,359,152,65,170,106,72,221,73,105,90,729,31,189
10_SMC3,375,697,266,483,512,446,367,296,438,495,426,132,350,558,530,505,859,316,471,206,1095,958,145,811,844,177,394,136,252,558,1111,453,552,106,420,354,246,549,309,1408,423,932,925,250,1623,236,171,491,172,264,649,359,387,196,573,429,623,119,505,698,370,526,667,178,1068,175,240,300,434,1945,236,358,247,835,206,374,631,450,295,535,540,256,391,477,356,443,233,157,1011,190,142,274,374,725,315,713,225,346,485,248,496,398,595,167,128,289,291,479,228,265,528,208,821,841,355,495,150,264,186,193,823,451,428,648,499,402,151,308,1070,423,1183,235,538,622,219,574,291,211,189,812,306,918,430,506,793,101,279,125,381,342,192,1575,602,390,747,356,339,400,708,362,277,297,50,187,265,1311,869,265,50,299,1687,312,469,235,252,336,231,224,128,192,349,859,90,1841,295,283,1557,347,214,228,228,601,594,286,280,511,226,190,183,1645,1248,230,1571,649,121,291,66,303,777,223,534,615,71,517,245,645,508,1061,304,573,832,741,310,261,419,991,400,1213,207,472,342,608,516,567,396,96,500,355,875,309,330,218,217,366,156,237,173,468,518,563,721,177,37,429,485,401,783,214,125,349,386,121,350,328,607,2763,194,907,319,343,478,786,149,261,135,536,1443,169,217,473,544,224,118,191,281,377,316,833,1127,383,315,524,422,489,585,400,144,639,549,252,92,355,631,362,581,307,236,176,220,234,630,292,279,1009,748,518,983,192,158,197,286,253,488,301,297,262,80,287,152,179,573,407,459,125,418,1047,410,299,302,1324,511,314,182,1139,327,2007,230,666,666,665,1670,227,369,531,266,177,527,249,276,201,543,584,410,254,510,595,991,161,167,242,412,191,316,426,438,543,496,833,296,336,217,531,434,267,181,380,469,257,268,282,190,378,1010,149,1090,206,247,254,902,611,262,650,289,264,308,695,427,646,485,336,200,496,157,217,225,352,274,291,475,314,186,205,197,556,449,302,633,316,439,1049,1350,705,102,355,467,784,525,108,803,328,415,298,675,310,119,1482,168,444,1425,75,781,326,144,442,248,686,173,203,947,200,451,360,143,621,405,1160,238,541,196,281,144,300,218,452,319,518,940,180,271,427,609,300,365,278,728,473,387,321,699,411,120,245,760,330,303,728,284,115,677,549,729,362,674,291,1438,257,642,154,251,117,540,181,152,314,579,253,540,394,242,253,216,313,133,455,271,521,522,978,365,736,332,422,1249,206,571,309,342,523,148,489,442,1120,497,563,518,759,363,723,163,188,381,384,214,268,1125,644,336,262,114,604,77,807,417,339,412,310,223,272,1859,802,445,185,615,178,505,673,275,220,306,363,894,456,1004,191,1156,526,761,537,239,798,679,1490,280,1363,248,178,184,836,280,113,195,292,957,328,530,203,64,569,701,125,472,688,191,288,135,244,389,1149,596,183,474,119,551,363,327,317,348,140,243,208,296,382,279,455,240,369,648,475,1549,182,822,111,1013,257,312,1065,185,554,191,119,229,292,696,881,433,217,193,851,200,534,545,1200,129,480,379,464,814,306,468,317,578,407,168,305,146,138,188,603,727,445,1670,445,103,80,332,290,232,404,257,384,438,469,832,826,233,1079,246,74,797,699,459,283,677,318,245,370,202,247,536,755,312,721,135,380,276,271,730,150,288,224,326,143,245,269,416,224,1343,230,222,455,447,595,309,498,679,1147,297,134,361,859,726,282,1590,443,603,680,437,390,224,224,233,488,768,692,396,298,259,343,234,211,195,198,112,130,208,315,201,181,494,592,801,214,620,417,620,214,210,494,299,145,327,203,428,263,541,277,281,628,139,870,328,164,217,297,308,761,486,501,262,718,444,155,331,319,185,52,655,508,1098,68,360,265,160,177,236,235,368,185,219,282,448,1338,941,317,561,1841,1472,276,438,961,552,391,601,151,149,137,455,325,507,146,509,285,79,758,125,1463,128,123,1351,832,886,366,319,170,549,498,485,184,185,380,406,192,104,308,320,200,380,160,292,213,572,438,262,544,551,394,323,629,279,1026,258,920,1245,351,709,273,304,270,416,834,637,276,106,303,767,476,562,1111,276,207,468,222,391,190,404,352,131,161,234,237,356,460,128,501,463,140,880,351,430,693,287,320,401,496,803,338,173,576,1431,1111,527,934,173,941,262,629,59,1094,661,850,653,606,118,179,455,239,1024,358,909,161,656,227,179,1218,212,990,238,527,547,483,278,477,713,189,338,202,1175,818,238,221,244,535,143,661,294,575,1345,186,306,390,210,1565,234,307,313,121,258,150,780,470,174,135,139,546,342,229,221,210,365,326,629,173,406,1143,410,198,472,889,263,592,232,283,491,678,824,154,354,1421,489,659,230,307,183,240,167,164,258,352,416,251,333,457,419,544,571,175,437,359,725,390,907,156,256,516,204,220,265,331,247,502,382,272,142,155,387,556,1098,350,274,177,325,304,192,514,742,466,282,196,246,785,338,778,458,803,545,1195,630,139,163,380,274,417,444,669,286,228,726,362,441,630,865,463,184,507,148,315,601,558,230,191,143,292,115,184,689,181,164,160,441,211,469,765,233,401,211,744,407,206,346,857,280,163,198,766,324,435,568,1011,872,738,699,421,9,184,479,821,110,249,201,875,303,734,373,242,424,407,372,414,245,561,198,340,196,199,408,543,352,165,219,671,167,81,280,482,1076,127,498,404,272,415,930,116,416,663,319,1214,262,295,446,516,497,376,124,513,297,217,654,231,663,195,355,75,446,126,328,611,276,372,249,916,322,106,780,179,885,618,63,272,798,98,397,1476,949,551,503,436,1228,203,160,189,147,437,814,73,207,159,1720,336,226,943,140,730,137,148,168,666,164,809,345,180,505,178,1033,290,245,282,345,376,115,246,213,1046,338,341,198,297,271,663,302,516,574,191,329,432,183,531,529,306,348,239,73,378,578,359,1049,137,84,754,530,305,274,249,315,548,382,168,530,278,140,383,387,1132,198,336,452,779,404,832,117,124,209,302,610,134,211,340,59,621,994,252,1032,315,391,640,590,1171,899,160,72,119,268,367,272,131,860,373,464,335,543,247,564,141,139,720,1058,342,545,95,223,193,1089,233,195,202,149,979,173,193,159,384,405,123,625,148,316,1170,1495,1117,398,344,333,303,676,1282,346,207,131,430,285,311,230,783,114,224,377,89,491,211,295,490,670,219,232,110,719,260,547,326,935,419,226,864,200,436,57,264,233,539,116,770,236,108,397,109,132,458,250,175,175,265,630,395,580,211,320,803,202,455,707,194,556,239,153,1175,573,246,144,435,460,232,133,198,252,270,398,65,136,831,481,304,515,404,289,184,126,47,381,761,596,544,144,300,337,1666,250,208,379,481,219,551,162,250,157,615,178,45,601,195,139,318,1367,1007,393,393,634,180,151,685,63,382,137,447,204,265,469,155,142,270,187,371,531,84,423,163,391,126,256,325,1597,704,612,397,288,756,746,263,419,154,412,229,305,111,249,472,326,190,122,369,186,299,159,275,328,640,428,283,237,499,1475,339,298,467,416,400,366,501,449,185,320,397,513,734,544,142,411,158,569,337,190,547,585,813,828,275,711,165,533,272,343,413,235,635,774,825,899,168,935,334,240,166,310,604,411,173,410,192,1581,667,314,170,156,222,147,402,154,222,268,610,630,205,342,335,161,539,103,607,259,874,597,399,197,609,335,1021,286,467,297,282,527,308,170,303,184,345,92,2027,224,845,458,164,351,355,800,246,340,131,540,438,396,175,197,911,275,474,278,264,796,1114,574,611,899,413,438,207,364,191,314,447,276,261,85,515,174,762,250,111,1069,220,554,342,1864,717,593,522,736,279,291,870,399,671,599,2085,165,582,389,588,726,564,249,738,233,340,247,531,606,433,315,858,518,628,532,210,482,838,404,338,144,260,316,253,321,614,118,389,222,1756,340,227,208,497,389,238,114,165,565,166,730,488,270,330,355,1492,284,189,159,361,719,743,149,234,280,1287,338,320,1928,147,665,72,450,411,601,632,273,929,446,1120,412,386,351,201,157,291,331,466,903,190,873,321,442,183,259,564,693,555,231,466,885,783,937,460,700,558,969,226,274,121,257,197,368,358,134,150,308,831,532,142,811,322,144,199,904,220,208,1228,252,1103,264,396,431,340,270,314,127,200,589,252,186,181,326,273,916,449,599,383,287,687,590,347,261,459,1519,224,553,1099,195,827,531,708,223,200,1460,319,212,93,247,686,404,227,235,143,654,767,358,463,424,944,188,569,431,311,372,288,1113,315,138,261,201,265,248,317,586,322,276,284,257,845,197,224,1051,316,382,503,155,432,283,416,540,283,227,302,882,529,696,576,171,383,163,602,2546,351,353,391,688,250,373,246,1298,176,292,471,585,95,93,81,206,408,676,178,505,205,261,825,837,321,689,346,270,252,450,515,133,614,290,388,629,327,630,512,470,485,1089,346,578,407,922,487,566,536,358,586,190,472,239,342,274,92,114,200,708,758,315,971,522,899,290,341,342,422,1246,542,1187,234,245,934,931,373,92,390,284,770,371,258,164,309,653,292,544,765,520,95,337,548,323,651,299,113,497,253,389,145,656,720,234,1137,215,346,490,195,581,241,195,431,1273,1068,202,419,648,906,226,378,311,347,171,419,390,387,306,565,653,183,672,752,949,521,224,517,352,555,504,147,330,494,196,409,182,224,697,319,154,555,247,72,416,107,336,293,353,204,498,772,216,854,1032,1102,638,430,130,249,668,209,210,440,430,507,217,368,220,348,650,325,340,368,409,272,447,645,278,215,348,239,614,254,270,432,810,476,387,221,151,1471,456,455,848,286,303,110,280,102,201,423,181,454,397,437,926,613,308,555,529,237,380,511,219,288,787,541,265,524,146,1050,546,339,1361,1000,350,264,277,651,460,501,317,472,434,267,529,1009,85,320,481,197,324,543,942,302,136,663,229,1123,215,905,203,324,179,392,1771,504,297,459,591,228,621,349,238,612,554,306,506,583,315,398,228,670,214,23,609,283,600,962,440,441,502,628,235,985,346,436,379,598,272,406,141,389,396,333,539,289,120,655,1555,682,688,78,112,824,900,199,387,217,763,171,426,322,475,492,861,424,511,619,563,490,957,511,630,270,590,206,101,169,1598,347,248,266,286,1598,469,385,431,719,551,1905,484,297,340,302,166,708,306,124,243,508,311,276,696,163,243,228,143,528,532,407,221,255,99,398,443,1286,291,211,634,865,730,443,180,849,147,319,531,159,833,304,240,640,515,172,162,575,400,301,182,155,440,160,475,832,115,225,447,231,240,791,263,478,437,285,718,317,136,144,769,346,390,201,758,288,149,882,192,213,323,772,174,185,229,279,1294,689,475,424,313,384,379,241,498,1027,268,266,402,221,112,203,388,674,558,948,116,271,305,331,232,418,251,111,738,779,549,404,302,853,395,373,294,339,625,383,268,621,172,161,232,393,890,200,292,294,216,332,116,65,378,1012,130,751,266,890,459,1734,454,143,152,251,139,315,384,228,352,279,160,279,241,273,535,640,735,222,1078,556,271,532,248,178,55,652,653,228,233,404,1332,316,258,233,226,289,368,307,553,820,879,66,258,127,303,484,553,516,391,488,260,380,613,483,228,307,147,257,202,235,590,447,252,277,1080,75,212,266,32,903,426,297,725,424,336,203,377,433,398,268,442,178,394,774,497,211,303,440,787,415,891,609,724,310,252,168,236,221,531,542,751,218,270,263,598,1742,449,281,243,1521,389,529,529,1101,351,182,152,212,738,493,236,370,296,957,279,373,471,617,502,218,228,948,981,380,197,280,431,475,132,599,234,132,143,176,211,383,267,421,250,250,750,193,361,205,567,422,236,241,280,620,127,1083,318,304,391,500,1430,433,495,1174,182,488,174,179,251,21,910,241,554,71,277,171,397,212,283,609,423,241,216,344,416,415,418,286,231,131,326,73,370,128,747,99,162,608,145,320,498,320,254,1068,175,155,373,657,656,172,190,658,876,149,353,482,625,270,560,221,184,491,188,216,336,159,194,366,508,220,726,443,150,276,569,2247,199,245,233,199,297,1132,339,445,443,397,269,537,409,266,448,409,272,607,222,154,127,554,217,925,231,494,235,209,229,513,257,733,196,2923,520,344,238,105,86,189,552,465,251,773,2857,862,656,132,597,221,342,688,874,401,1130,493,536,192,53,232,310,215,269,329,1028,399,389,1194,258,426,281,304,147,1012,541,381,289,614,542,504,251,321,364,182,132,155,192,448,304,389,265,537,351,451,103,435,873,281,725,1193,881,243,309,570,415,879,94,977,247,346,492,180,295,567,175,281,352,662,682,522,245,657,222,228,662,380,535,954,152,166,161,90,328,780,495,168,153,298,241,788,165,349,674,877,242,158,595,163,591,352,280,946,450,248,385,166,495,165,321,214,264,139,262,320,212,424,968,379,266,489,150,445,210,178,166,433,477,267,234,570,172,247,5,304,239,565,364,809,398,526,325,171,615,602,323,723,208,867,571,390,266,456,168,171,467,116,268,439,522,323,363
11_WT1,103,619,811,431,637,433,401,347,402,631,534,113,996,482,706,552,1231,349,307,185,1046,987,239,832,562,145,261,148,396,610,1497,251,789,169,463,399,334,647,366,1419,437,1490,1630,527,2124,210,130,793,236,159,870,390,994,109,724,359,496,155,550,456,253,515,553,146,1055,258,171,290,253,2094,250,437,124,916,247,499,748,423,164,766,593,367,906,803,362,668,127,375,676,455,313,175,325,737,321,665,119,254,953,348,466,932,625,329,144,305,242,489,199,562,489,187,1502,630,456,735,174,625,250,223,428,295,229,552,810,426,123,205,1313,641,869,141,851,359,293,364,368,492,200,759,212,1421,366,1000,848,147,184,356,339,459,248,2311,753,494,676,506,699,314,848,481,317,176,261,462,330,1415,972,333,355,502,2138,431,501,239,245,319,419,152,65,529,377,731,140,1753,370,158,1556,464,326,626,425,655,540,289,458,106,293,611,127,882,1313,312,1790,569,202,293,454,344,655,234,515,419,201,1376,156,735,628,696,489,295,596,1090,345,675,564,542,959,1205,131,407,728,772,480,294,351,282,775,435,620,221,799,172,194,488,484,145,254,203,623,913,462,208,130,221,328,239,533,462,238,344,242,35,272,175,514,2665,395,475,340,281,802,1166,449,736,344,267,1771,396,237,192,281,196,231,356,492,455,516,983,1115,716,313,454,584,529,876,552,216,860,243,224,209,371,527,273,791,441,172,308,300,302,920,192,355,1211,828,399,983,125,155,265,512,358,651,291,511,129,142,344,308,501,1000,539,555,281,721,406,348,609,432,1620,676,263,283,1148,176,2866,309,748,610,885,1584,301,438,669,188,208,916,389,377,284,440,732,909,232,353,483,847,203,294,326,529,235,345,269,800,652,700,300,231,807,331,553,357,250,186,281,540,278,209,183,153,136,831,56,1281,536,876,345,1175,937,377,665,539,390,142,400,431,1197,338,251,396,395,70,215,150,495,634,602,776,365,302,165,1,273,290,471,1637,344,433,839,1703,563,226,642,289,504,403,158,1090,439,508,395,613,265,189,1039,290,209,1684,165,485,239,243,423,603,366,218,295,662,322,604,237,225,951,670,1361,189,1059,252,306,305,581,407,967,275,1261,981,167,206,386,765,325,432,600,771,465,387,407,956,621,348,154,718,312,244,456,464,190,695,967,983,725,717,392,853,242,754,296,206,466,502,189,551,419,474,239,622,368,200,170,494,543,302,543,311,490,726,590,402,788,289,501,1402,370,793,444,510,813,113,644,335,1515,231,552,802,804,307,781,196,286,466,250,443,145,872,734,847,176,171,952,153,688,667,318,706,269,190,342,2160,1125,405,284,704,148,538,654,187,442,191,406,1216,935,1383,110,1207,1024,578,222,303,735,621,1394,424,1310,295,141,310,804,688,166,202,145,1600,688,928,264,57,848,1032,162,369,734,274,232,247,173,455,893,432,492,368,129,261,406,182,216,884,210,675,253,268,283,246,224,334,239,529,256,1359,224,708,269,843,294,509,1512,237,704,112,328,248,544,728,1041,395,372,165,986,217,646,672,1315,283,531,776,495,1014,335,610,279,424,283,193,562,96,256,319,1047,781,606,1543,351,1077,156,685,753,352,631,188,726,476,919,805,558,195,1045,329,183,115,704,697,405,659,732,294,227,617,199,470,1155,178,551,721,413,200,97,664,164,590,144,264,208,54,475,737,392,337,142,217,515,521,831,338,913,693,908,335,254,416,821,437,321,882,762,678,1078,728,809,364,306,197,333,699,687,341,491,464,320,654,135,257,250,327,227,501,198,182,145,450,592,1571,169,1514,706,496,288,466,574,513,139,298,189,587,156,549,168,147,438,187,1263,507,133,247,670,213,739,418,637,816,678,673,155,151,1196,122,145,543,420,822,209,461,344,173,304,526,475,213,211,528,140,264,1374,872,331,553,1785,1440,855,874,1156,497,654,406,166,648,245,936,337,404,639,430,344,122,650,127,1724,180,97,1024,775,830,405,479,261,591,420,580,199,377,352,311,228,160,318,188,501,308,449,365,316,566,272,303,1197,784,319,191,1141,1169,885,1135,965,1945,569,554,316,369,654,332,962,726,434,622,277,640,554,613,766,181,165,300,508,300,417,582,540,227,307,236,231,199,323,122,507,330,266,1139,708,502,561,410,366,402,494,1014,429,161,564,1128,1261,779,1220,116,806,327,721,76,1017,784,656,673,584,203,249,319,25,654,623,738,345,781,170,171,1066,398,1136,349,750,640,419,133,721,822,75,510,197,853,1213,385,345,204,225,188,407,492,759,1988,117,725,290,289,1838,53,433,504,156,699,449,496,613,231,161,391,637,287,430,200,93,225,407,415,367,557,562,567,757,544,1025,387,911,420,379,660,461,601,277,271,2101,407,669,305,333,220,261,242,174,368,405,466,276,957,604,355,797,702,248,544,217,632,509,901,318,543,348,445,455,306,472,192,879,411,295,193,199,351,843,1326,305,206,310,305,328,346,693,590,464,209,313,327,1472,435,1004,595,658,407,1428,742,361,451,475,310,440,329,867,328,305,808,448,301,513,925,528,0,374,687,432,531,497,300,887,82,345,243,130,1111,157,87,257,831,272,346,1301,111,1170,403,1057,377,430,393,775,731,219,448,569,596,383,696,998,1331,878,1059,436,224,331,796,995,250,283,179,579,479,685,537,158,562,701,131,761,371,833,228,594,760,257,441,770,526,46,231,692,319,253,207,592,1147,485,328,483,706,792,844,213,459,1009,293,1409,466,270,229,855,510,204,224,595,719,1199,500,200,523,172,155,322,588,502,300,688,535,840,1305,629,107,264,466,149,771,368,94,287,656,373,645,909,802,598,797,651,1285,270,243,264,387,381,1890,115,294,214,1387,841,208,1728,194,1026,680,195,282,550,216,500,435,333,333,121,810,456,427,561,359,525,206,143,226,2000,374,362,544,347,361,892,470,851,470,136,442,560,463,808,847,289,521,362,197,693,316,372,640,282,232,1194,1027,202,252,466,556,550,262,248,218,521,276,223,436,1757,457,670,227,851,499,1064,571,235,304,179,573,316,164,280,73,361,876,178,1125,617,325,797,526,1133,698,128,223,128,95,498,479,275,761,266,519,210,361,111,492,88,199,421,1296,467,646,118,186,333,1224,242,304,128,175,1174,218,167,133,866,653,237,491,76,324,818,1230,1163,621,302,217,69,412,1587,457,278,310,525,451,231,302,819,79,325,447,148,491,127,209,505,413,749,549,134,864,262,700,571,989,396,243,1063,222,493,119,442,246,312,167,514,690,178,239,207,142,660,206,251,323,324,631,435,758,72,389,739,175,459,685,164,679,375,310,856,1048,271,209,444,408,213,168,91,370,314,660,181,185,705,506,527,593,909,346,211,156,191,982,595,1064,832,115,256,390,1959,319,273,259,429,321,324,328,422,153,414,271,295,747,134,182,343,2157,1456,419,466,520,276,154,906,151,57,231,520,121,144,410,675,176,201,289,451,644,122,540,182,584,201,434,338,2545,939,775,490,528,721,802,331,150,329,793,377,306,219,341,812,345,370,145,476,59,222,250,123,206,1010,700,671,566,688,1507,215,281,619,623,39,417,396,989,492,643,470,709,687,533,266,438,279,848,480,493,522,451,1079,555,197,1048,488,317,344,200,780,728,1491,599,1213,731,121,1297,467,183,359,230,570,831,140,193,446,1294,678,266,290,498,181,136,453,127,314,168,869,637,272,602,242,234,425,310,761,194,989,330,542,114,555,187,1037,477,779,414,310,639,226,212,343,151,281,197,1757,318,1417,663,543,392,259,906,356,343,148,586,445,351,173,193,945,498,864,254,393,1139,1880,452,823,1029,708,440,244,377,216,638,750,364,204,151,1031,195,911,746,203,988,204,639,635,1505,691,848,446,730,302,116,417,447,638,611,1814,143,906,436,211,354,627,292,895,477,593,200,242,826,509,368,978,607,575,1186,237,326,1252,303,594,164,800,318,202,308,750,191,256,321,1169,606,188,545,575,957,120,131,263,435,160,777,824,496,452,342,1169,308,261,287,933,964,853,257,191,163,1128,389,438,1805,188,450,132,646,220,777,439,304,579,645,1340,247,506,241,437,198,355,265,220,917,199,904,255,521,375,272,707,1252,488,224,522,788,1207,1008,296,732,550,654,186,479,155,282,361,506,1029,374,205,386,522,324,200,1026,396,382,403,1143,573,218,904,460,1094,646,461,767,466,417,183,164,218,529,209,289,242,595,174,1329,978,447,771,237,1153,680,486,854,510,1401,192,407,802,330,1079,587,1075,452,173,1035,495,239,203,146,836,372,272,300,120,554,766,163,207,1201,1089,132,621,691,446,234,501,1040,630,298,399,219,404,159,241,555,221,349,226,410,490,92,326,1265,157,373,371,150,288,241,473,432,405,180,474,831,563,692,343,147,366,511,293,1879,336,351,220,701,504,378,284,1765,127,466,230,616,108,108,108,135,607,536,418,502,189,274,340,839,409,896,195,255,275,240,447,776,411,385,266,822,158,360,901,535,313,995,356,565,711,615,462,629,627,718,844,327,496,361,259,176,225,93,238,823,780,404,1679,771,446,572,601,256,374,945,576,808,275,159,1290,1139,542,94,614,234,596,397,411,794,336,857,412,412,741,600,183,454,281,210,635,180,248,546,341,311,140,303,880,321,584,274,654,943,305,1018,289,582,410,1193,1041,185,639,1088,894,279,399,551,1173,117,457,283,440,666,433,437,265,410,957,1028,433,430,403,289,382,211,143,458,358,267,614,339,147,823,177,311,666,269,99,322,423,329,639,534,229,608,945,292,682,1237,992,517,536,213,389,205,179,227,375,504,1084,204,291,526,729,513,688,195,995,497,443,388,365,288,255,652,135,413,406,436,322,1308,460,884,771,382,1753,723,761,729,352,1074,134,305,175,233,210,125,368,389,728,649,944,623,1194,533,194,557,471,135,651,1285,669,486,376,227,1341,381,765,1241,1528,588,430,204,1105,579,687,418,423,276,430,578,1321,281,151,427,89,280,408,944,587,213,1093,620,1252,350,826,297,279,102,783,2195,960,595,335,574,224,514,508,490,1187,612,258,544,1027,253,373,344,579,159,400,977,498,712,1043,620,264,408,575,312,892,548,373,432,644,365,417,137,266,282,319,474,280,63,843,1439,647,748,600,203,865,1041,111,669,154,996,290,562,243,461,647,1487,859,198,1005,224,630,922,755,692,327,535,245,240,167,2016,277,141,239,173,1346,466,343,498,976,503,1696,620,519,239,361,335,577,240,262,505,566,258,279,594,95,313,320,248,383,526,386,351,208,139,355,509,696,543,141,1128,1266,823,392,207,943,148,149,819,181,385,216,433,1320,235,147,34,554,471,1326,200,178,933,646,372,1209,377,255,581,183,276,744,562,411,448,226,837,274,178,224,856,902,553,122,493,266,79,640,98,253,609,982,104,151,192,486,1076,738,716,628,446,502,384,577,792,1106,181,278,373,362,111,170,949,408,467,1076,230,282,263,388,585,410,419,262,707,839,345,565,680,1561,504,518,359,310,617,478,248,818,145,194,285,451,1151,620,478,556,170,383,169,304,90,926,180,573,349,1036,618,1799,816,313,303,459,298,322,255,533,361,198,190,800,491,244,658,571,430,394,640,931,335,857,147,349,281,1261,853,107,553,187,1753,389,642,117,221,404,407,568,874,823,348,270,264,197,474,412,971,518,276,679,218,720,1032,685,215,429,522,625,202,323,784,199,399,486,794,140,293,544,196,1240,200,180,432,886,353,361,289,562,687,200,451,196,282,779,727,452,229,454,747,863,819,507,732,256,174,198,197,217,347,625,919,223,433,195,411,1398,344,214,314,1173,409,514,372,1652,299,142,209,272,1025,574,95,250,242,812,350,1528,452,475,340,274,138,797,1274,383,260,285,426,643,187,542,644,220,459,325,126,300,394,223,297,225,1015,74,825,379,1021,537,214,127,137,539,179,1099,415,375,711,435,1495,718,761,836,520,366,136,356,595,2,1189,262,233,300,692,780,333,272,196,717,404,288,241,683,343,689,523,272,215,48,377,129,310,142,864,199,196,767,324,251,433,442,434,997,194,163,445,871,458,204,281,818,1076,87,356,959,496,195,683,148,217,410,283,227,717,178,143,250,621,399,934,238,166,348,1114,2204,119,74,283,328,497,1488,402,140,866,642,640,459,786,209,414,350,275,460,249,335,236,591,256,1276,416,321,187,163,189,467,130,1214,133,2122,594,269,298,341,331,341,271,539,252,358,2347,638,928,264,545,247,386,441,842,409,635,586,794,182,529,390,436,594,183,393,1164,215,276,860,256,442,408,367,316,819,770,909,240,183,792,652,201,491,540,199,184,150,122,453,161,251,453,497,428,537,307,934,972,334,809,703,1163,463,278,551,245,1107,390,1061,361,579,618,133,188,755,562,231,531,1054,616,479,394,876,282,248,700,459,501,740,226,417,224,710,327,603,472,196,314,613,85,786,338,348,938,1495,464,236,580,188,715,365,82,772,205,514,328,259,234,228,433,148,273,196,280,511,187,393,792,513,301,327,660,298,152,187,162,474,411,248,352,558,163,179,106,321,364,543,555,240,548,424,258,251,1703,272,260,665,259,1114,541,409,298,363,278,175,288,182,188,634,420,543,389
11_CBL,855,1116,1307,463,892,825,493,561,693,617,840,149,1725,930,1547,897,1467,513,351,501,1362,882,291,1150,1316,356,993,386,452,581,2447,353,1117,355,607,749,333,1000,211,470,967,1901,1413,993,1794,321,177,533,571,725,1016,851,1187,199,1141,893,986,748,1888,436,563,646,1125,175,1564,174,76,387,500,3005,618,431,348,1328,284,821,1444,838,405,646,1318,302,1885,1319,543,901,385,480,1808,692,235,193,772,1490,479,1135,105,752,1211,684,856,1082,233,582,266,661,463,381,363,1431,1719,334,1969,1149,1134,1611,304,990,800,782,860,1062,383,829,1170,591,237,709,1595,512,2145,409,971,762,648,1105,1085,606,92,1344,312,1882,435,1383,737,393,408,1036,365,915,380,2762,913,1251,1070,690,584,865,894,1218,767,606,355,412,220,1452,749,656,888,1081,3331,388,575,394,284,554,1538,325,343,936,589,947,324,2272,807,495,2356,1852,109,1122,483,833,1068,452,683,895,460,1031,243,1917,1713,745,2670,524,69,421,533,520,731,87,1077,1661,361,2686,414,1675,1039,1496,1044,700,788,1145,269,1321,927,975,1468,1299,255,561,1316,1275,685,1093,748,431,1094,300,1327,339,1178,494,410,720,605,463,279,1444,960,1391,685,265,247,692,540,741,1954,702,268,549,928,225,373,410,691,3385,1180,956,697,407,841,1111,298,494,709,717,2142,543,368,720,860,382,768,471,573,743,723,1393,1176,1293,698,450,875,923,1121,1050,170,652,309,624,252,698,1047,881,738,583,344,413,281,508,1186,698,826,1052,842,884,1333,312,322,505,992,665,799,367,519,291,246,814,739,589,1273,1202,1433,502,705,799,1063,904,791,1676,516,464,449,1752,409,4731,855,972,1344,1894,2365,301,493,1181,606,295,1047,513,500,395,700,871,1793,684,1008,731,1378,398,472,313,693,545,808,227,1223,1178,1165,2281,226,468,667,509,985,402,443,534,699,326,811,463,218,201,851,519,1418,539,483,583,2038,1674,1025,941,303,744,461,822,1077,2198,654,650,338,573,272,433,372,269,681,887,997,535,563,267,244,601,815,599,1331,567,953,1593,2600,812,473,348,814,699,1176,495,1477,615,553,441,1022,244,238,2233,425,560,2333,228,1049,460,90,649,299,988,228,536,1114,626,1144,1071,366,754,937,2210,286,1627,674,792,370,602,350,1142,532,1021,2188,319,272,919,1324,448,728,1014,832,936,625,483,1460,779,605,207,1106,583,688,1048,697,400,1014,1579,1346,784,1180,353,1622,609,1322,379,195,741,1851,450,1031,597,284,529,1828,1123,688,121,793,796,274,678,885,633,948,760,700,954,636,1092,1731,710,1429,395,751,1424,353,765,603,1780,817,1135,1157,1391,732,828,325,165,726,539,567,185,1443,1118,1111,408,559,843,311,1204,1323,1082,613,588,570,314,2617,944,1140,477,1030,230,912,441,557,605,558,1440,1958,1373,1182,442,2046,1325,904,651,510,1389,1022,2075,133,2073,725,335,491,674,1081,428,338,349,1867,1299,599,345,530,1739,1472,704,118,1189,315,600,279,236,864,1623,839,848,1440,381,525,419,370,575,1217,216,1245,463,453,850,406,307,320,543,1267,808,2287,328,1211,326,1250,445,670,2138,140,720,369,97,28,97,1334,1270,599,445,206,1134,477,987,633,2932,355,713,1123,1404,1324,289,659,581,734,761,282,771,575,439,424,836,1073,952,2153,723,1207,219,1544,1323,232,659,481,891,485,1210,740,1565,360,1420,561,370,700,1296,949,738,1343,629,198,645,149,414,568,961,408,615,362,543,397,712,1151,401,1252,347,391,257,415,781,641,767,2417,431,229,755,838,1011,542,1025,1032,1878,632,343,746,1352,1412,395,1705,1479,848,1210,1382,1059,444,354,367,935,1080,1224,928,702,767,901,878,402,501,423,327,624,477,457,375,135,838,1260,1170,125,2973,934,1122,549,421,1544,769,428,758,580,487,315,1025,308,450,1218,431,1636,624,272,316,758,502,1228,737,1063,695,807,1413,458,686,1202,338,238,2321,631,1360,585,1377,952,418,502,950,737,496,362,1718,544,444,1964,1551,360,1509,2945,1643,462,1394,1229,1207,1161,1684,348,879,447,1525,468,990,740,236,703,177,1510,365,2921,254,349,1757,1302,2519,317,461,226,1582,1031,861,183,330,568,551,454,409,652,915,895,797,289,718,676,1181,755,277,1826,2491,672,234,1702,950,1071,728,1261,1815,151,728,168,926,664,515,1795,1833,796,430,332,1191,758,1213,2353,760,267,933,1148,1149,292,1067,741,340,513,461,399,687,1054,295,614,711,415,1663,581,356,617,626,552,410,577,1258,517,312,818,1457,2135,550,1226,406,1008,1302,834,174,803,1412,480,884,1292,411,319,476,1409,1920,826,1835,728,650,337,425,1744,587,1083,716,605,789,792,962,775,762,399,646,280,2117,1280,552,705,225,572,155,467,617,1118,1023,399,1224,423,390,2287,248,838,883,470,831,530,1180,863,382,241,562,1047,652,896,597,389,434,228,563,621,878,1547,813,564,935,1519,621,930,888,448,488,968,1491,558,463,3053,1411,1270,583,388,383,247,429,419,817,1077,374,595,1384,685,951,1422,704,207,790,486,1411,831,895,604,307,721,221,197,565,450,332,838,609,237,570,356,448,706,2321,715,832,578,281,808,441,1312,319,1026,382,574,420,878,789,1156,528,948,651,1493,1389,642,607,1212,541,1091,351,1486,363,400,1227,663,619,820,1434,873,294,1428,1244,1377,830,925,678,1271,430,841,298,350,1939,425,284,124,1323,588,595,1431,823,1430,429,1900,460,707,1081,1895,1370,526,635,1272,581,600,1100,1215,1670,1622,1502,867,1354,263,817,1361,410,434,110,668,1214,704,1227,462,683,1293,663,1141,734,2025,228,1325,66,362,632,1262,214,311,272,101,967,328,516,554,1352,697,449,515,969,1131,2343,353,753,1631,816,1106,961,405,497,1080,1347,418,304,706,467,465,667,452,714,383,676,465,518,685,785,1270,1073,1579,1671,2151,446,332,1338,235,1379,936,168,449,1124,446,1007,1442,1823,1812,1656,1471,2440,248,319,562,579,423,1021,189,909,1074,1859,1159,503,2696,224,1413,673,421,305,1802,420,984,484,678,909,294,1320,809,950,725,595,394,381,304,496,1886,863,743,361,316,408,802,1018,1056,856,349,1224,606,776,593,1787,366,858,472,303,998,1035,615,630,247,266,1099,1057,432,391,832,781,936,688,433,1207,657,488,689,535,2338,354,1238,1144,834,897,1767,977,300,1114,502,929,497,324,650,228,1109,1216,231,2545,907,116,1623,1094,1374,1046,184,284,422,377,596,569,340,976,1054,1164,900,961,561,361,300,274,1108,2165,561,1228,230,497,679,1330,209,461,286,145,1405,406,591,339,954,886,409,788,49,635,1098,1489,1036,693,279,541,258,468,3383,587,389,343,922,391,443,864,1766,329,432,610,202,688,426,559,946,1590,679,1437,305,1264,623,1113,767,736,457,263,2296,388,524,538,1455,323,1388,419,860,432,359,291,324,286,950,429,524,407,317,1622,315,1802,260,529,1679,378,801,1020,242,1082,733,772,1402,1617,197,424,511,890,318,343,243,425,226,744,512,279,936,601,609,1428,646,452,292,355,499,726,1048,1482,2126,334,660,593,2223,514,523,636,779,280,1019,356,1029,583,993,362,198,886,461,264,357,3317,1649,621,343,1363,489,245,885,341,1090,242,1198,548,488,1481,716,290,695,513,916,858,172,1397,394,1062,334,669,583,3006,1186,1567,920,463,1249,1283,551,680,504,1284,638,444,293,986,574,623,238,273,497,549,324,534,227,351,1035,1109,820,1173,1081,1602,989,918,1142,1205,543,496,684,1273,985,893,590,983,789,1097,247,985,211,550,486,895,921,1093,1236,1469,381,1746,421,554,976,614,610,1022,1982,1156,1614,1108,666,2044,499,805,215,716,939,1031,303,652,475,2554,1701,588,426,377,400,220,751,517,603,777,1102,1008,1096,1155,625,360,913,281,1126,519,1253,1558,1413,264,754,754,1462,1062,946,732,923,1207,411,336,523,287,510,232,1901,348,1510,1076,815,958,352,831,599,377,407,1274,685,534,298,462,2009,1354,962,266,293,1342,1523,353,1229,1341,413,597,302,432,350,551,1516,707,528,217,1337,228,1348,2028,318,939,640,1583,1063,1378,775,1453,1384,690,490,1246,918,406,948,754,2065,698,1346,663,758,449,799,647,1492,747,406,472,713,1404,824,338,1445,1533,1134,1520,361,694,437,444,720,240,1209,582,328,672,1339,294,397,851,2102,1307,234,692,1662,774,412,271,927,644,382,962,1067,820,859,385,2128,856,389,577,1040,950,1751,202,343,278,2718,476,703,2511,366,1474,397,804,756,1514,757,576,1174,1265,2258,650,605,585,173,647,901,800,848,1067,356,1081,303,605,895,604,996,2325,830,357,873,1179,1949,1125,1266,447,972,1138,327,615,395,647,355,1183,1240,752,282,656,1620,1263,553,1512,637,676,1376,1870,605,419,2620,569,1308,453,899,841,410,1061,571,324,640,1332,279,289,356,951,856,987,1718,735,871,430,810,798,1020,871,1125,1671,465,1198,820,579,458,1172,2043,392,403,1807,897,1226,250,308,1849,687,893,210,336,919,911,654,633,1489,920,161,1868,879,622,622,881,1007,898,514,242,452,546,384,639,1715,481,1481,991,841,966,431,455,1343,386,686,663,204,611,154,704,1228,603,262,698,996,1347,1703,632,249,900,1511,722,4961,782,992,679,1621,654,1070,492,1370,266,855,502,926,443,526,282,238,637,1031,446,518,502,371,2002,1074,443,1306,553,594,1039,1055,846,1372,930,323,605,2175,463,863,719,431,1084,1432,1009,611,1284,1501,657,933,942,712,982,390,583,555,449,618,481,262,577,1497,1643,655,2164,845,637,607,539,492,341,1358,889,1603,146,288,1595,1669,602,417,797,308,878,956,943,1361,423,771,277,946,1326,899,384,367,648,334,569,174,247,548,626,469,132,1109,822,735,1546,818,509,1037,582,869,461,489,623,1489,423,227,911,1153,1447,1169,480,453,1238,292,1079,911,782,538,810,631,603,456,1268,1052,524,317,657,347,757,502,391,905,815,104,1670,379,232,236,507,704,681,868,278,822,847,272,1117,1135,466,1042,1556,414,1471,2209,1875,596,120,426,791,807,450,649,914,1238,1227,282,732,774,478,742,878,1034,1031,886,417,413,672,377,686,892,342,846,419,765,422,2338,644,1056,1434,323,2117,38,831,932,1125,1258,301,319,324,751,712,675,817,523,680,1393,670,966,1518,1159,366,1773,649,320,521,1236,688,720,1580,471,1320,560,1187,3111,2388,694,586,389,1537,744,681,668,402,615,784,980,1548,574,432,658,368,394,879,1150,823,350,1405,1391,926,584,686,236,251,274,407,3438,1352,941,1223,1005,661,707,713,832,1307,654,1138,926,1361,441,852,179,1026,658,1062,1293,1025,1812,1136,752,628,359,1100,456,1725,970,816,345,884,310,570,191,414,856,573,441,455,956,815,1833,1474,818,685,174,1690,414,359,831,406,658,584,1266,281,1014,826,2196,805,647,1334,335,1379,1417,1702,1169,433,618,563,702,319,2774,391,433,498,300,2124,439,368,566,1238,984,2646,666,1579,737,394,1045,684,471,266,742,715,874,586,1572,463,287,241,451,551,772,1460,444,363,501,394,1574,1240,914,323,1046,1399,1043,538,307,1800,397,484,935,359,947,366,546,1487,1209,387,281,749,605,1272,278,227,1561,1386,721,2025,795,484,754,227,545,1060,570,604,534,484,1483,610,255,380,1209,471,1000,315,878,878,187,1562,476,567,748,1072,326,392,325,1267,1741,1551,377,841,1119,970,1138,590,1181,1563,416,323,1078,285,221,450,1313,455,928,1568,330,150,581,605,453,702,1394,533,936,1597,1025,995,1321,3066,846,722,984,518,1433,802,880,1276,176,329,350,870,936,887,622,862,288,2276,384,496,219,1696,220,370,829,1284,921,3234,1249,565,362,1296,280,821,949,785,939,510,432,996,361,170,893,1033,688,377,1570,770,524,1159,381,403,428,2514,2455,457,1397,971,2352,536,695,332,165,1406,491,1227,663,1136,1030,640,316,363,349,909,1034,1464,374,601,178,1283,1172,861,282,668,336,587,538,349,524,940,701,631,1122,220,613,1122,347,1154,711,372,679,2322,719,399,521,1156,725,255,1067,246,144,1818,1239,1008,535,560,1080,254,1898,1667,1477,401,635,618,376,217,620,921,1224,1198,612,158,648,2366,1725,768,326,1623,2438,645,744,2612,557,440,336,291,1479,750,610,881,329,1169,772,1492,1339,1698,995,277,708,1940,2111,677,401,377,790,741,357,1249,1588,424,500,299,416,466,699,152,484,238,918,282,228,485,1555,651,492,518,644,438,214,899,425,559,807,779,1714,1093,1525,1512,703,887,353,570,463,1,1388,412,1196,366,824,1814,957,489,425,756,797,578,286,1039,463,903,895,328,357,347,975,307,579,433,1166,511,372,1027,411,389,457,725,596,765,266,342,971,1107,815,278,411,1227,536,517,611,1524,1064,240,906,566,416,629,150,519,1706,257,237,925,950,436,1488,562,360,287,1477,3064,280,289,501,708,1357,1016,553,586,912,875,1077,543,679,412,212,897,473,1308,372,486,478,862,868,2161,673,379,323,391,444,882,819,1710,802,3953,319,544,463,218,344,624,793,662,475,1155,3472,1172,852,458,827,480,599,704,813,1018,1624,361,1249,337,255,396,576,1133,555,510,1133,889,1087,1379,615,686,625,584,176,782,1016,2665,1145,700,1520,698,344,394,475,508,448,246,410,592,411,433,476,1118,598,349,210,973,1132,838,958,1164,1649,837,519,616,395,1386,1219,1635,789,909,801,690,438,739,1675,353,793,1271,1147,137,768,1487,395,157,1301,655,874,675,405,597,851,713,396,1936,566,394,454,773,414,1143,455,841,891,1888,631,422,1864,515,1119,1187,345,1276,371,908,597,309,641,291,602,134,475,424,291,709,455,757,2746,792,647,458,588,620,340,551,381,812,472,468,275,848,345,641,370,570,754,992,453,1295,959,946,466,400,33,1486,598,1266,1196,1432,1100,706,738,772,493,227,660,166,352,1942,589,446,959
12_ETV6,695,1343,830,831,1038,1449,754,849,1111,1229,545,448,2190,634,1653,539,3009,502,922,482,1707,1896,450,1268,1472,689,662,449,730,921,2773,1116,1414,289,917,801,581,1028,815,2079,2000,2747,2713,735,3107,454,364,1300,591,529,1646,767,1336,405,2096,1496,1026,442,2180,734,611,1235,1171,467,2359,388,432,860,984,3667,662,1105,365,1217,421,990,1128,986,596,958,1013,612,1679,1546,953,1140,528,444,1583,835,305,250,851,2390,785,1271,391,575,1350,691,1114,913,965,452,452,618,560,692,403,1315,605,402,2025,1584,837,1401,507,1286,1066,507,1180,1250,893,1110,1232,823,566,733,2195,1559,2107,334,1513,1044,531,1789,678,1136,499,2198,508,1394,678,1161,3094,328,443,853,1032,917,399,2992,1334,868,1480,938,1745,818,2063,787,728,353,378,1057,609,2439,1196,913,502,1061,4086,1133,1113,370,502,1203,695,521,443,907,1237,1981,436,4133,877,679,2928,1212,501,1083,972,1530,1402,689,868,907,541,928,497,3273,1782,790,4122,1132,446,609,609,490,1107,434,1332,1266,499,2918,449,1207,1087,1651,662,1025,1093,2041,398,1042,1226,1669,1591,3055,332,1251,1060,1901,1099,1135,1015,523,1161,700,1253,668,1821,700,410,765,784,420,656,1049,1577,1218,1140,509,456,729,932,1043,1340,833,334,825,727,337,830,618,1315,5670,858,1202,827,680,1865,1039,968,775,381,1694,2796,917,663,969,959,495,323,923,826,704,706,2376,2482,1204,571,923,1812,989,1354,1500,369,1421,1086,548,480,755,1291,1251,1877,828,449,492,596,521,1822,735,796,2168,1419,1104,1674,456,520,1113,1102,944,1178,735,1445,567,336,1221,919,830,1583,2394,2485,578,1593,1862,988,843,813,2518,1180,949,303,3566,599,5729,1633,1758,1233,2511,3237,564,1087,1179,554,400,1540,672,715,488,1186,1305,817,782,1356,1197,1986,638,647,579,942,490,533,996,1859,1079,1317,818,481,1214,386,866,1085,382,437,1027,1259,674,558,450,554,654,1710,667,1870,562,1244,723,2374,1689,1228,1192,769,969,600,1081,1076,2214,768,671,511,623,262,618,753,606,977,1504,1259,796,589,349,359,1387,1111,1257,422,762,640,1794,3942,1084,365,733,647,1273,1367,743,2538,1056,1225,654,1411,553,505,2849,647,853,3702,659,1478,788,435,862,1172,1368,440,606,1267,897,1389,450,665,1886,1350,3285,459,1862,399,888,694,1000,619,1470,769,2254,2009,746,830,1098,1171,608,906,717,866,722,528,583,897,1089,709,303,1361,587,509,1422,938,447,996,1127,1683,950,1260,595,1706,768,1520,592,479,478,1821,505,1268,716,1080,652,1451,921,695,472,956,785,632,1277,664,1340,1052,1322,1559,1535,411,1253,2430,879,628,815,923,972,507,1073,1298,2457,1098,1059,1326,2394,738,1921,334,431,1014,739,565,340,1678,1129,1816,446,337,2168,296,1072,1113,1155,1034,348,549,545,3862,1981,947,565,1674,476,1093,1451,569,865,520,708,2225,1163,1878,409,1988,1928,1629,805,596,1883,1735,3962,942,3016,405,509,552,1579,1234,564,472,425,2818,944,693,633,274,1447,2822,253,955,1802,515,853,369,454,660,2358,1516,1021,1592,497,848,789,757,664,1237,397,837,569,521,616,429,534,775,700,891,743,2863,336,1502,796,1662,594,729,2682,625,1329,345,796,622,823,2442,1260,835,660,1193,2321,683,1276,1018,3057,599,1196,1205,1099,2258,534,812,772,1042,1107,341,686,1362,769,577,1885,1909,875,2777,971,1179,372,1305,1046,404,1041,499,1008,1172,1565,2145,1522,560,1842,772,396,1616,1041,1425,679,1289,1511,691,512,1287,773,968,1854,561,1006,735,1249,364,644,1395,519,1054,280,483,341,558,817,1114,638,3024,389,368,1095,1476,1513,699,2234,1008,1730,1043,567,745,1441,1612,577,2618,2097,954,1271,1577,1520,593,607,438,1144,1611,1341,1334,827,890,582,888,543,425,497,753,380,814,870,472,356,1096,1498,3024,668,1712,2054,1046,931,765,1497,836,612,594,458,805,614,1639,434,496,861,391,2418,820,477,742,1650,916,1602,1333,949,872,1206,1479,440,562,2380,384,301,2302,927,3171,440,1167,599,309,682,699,832,570,310,995,688,917,3345,2094,491,1105,3945,2615,1531,1248,2147,1814,988,1195,628,1370,605,1218,838,1973,507,959,972,589,2074,306,2459,481,264,2895,1739,1633,906,622,472,1242,1073,1067,1008,456,559,816,457,415,849,765,896,803,513,728,677,1257,1034,615,2410,1579,635,466,1963,2434,1730,1951,1632,2741,705,1395,710,624,872,656,1972,1269,757,575,544,1297,1024,1117,2223,860,369,728,1184,758,678,1510,958,640,643,714,792,589,1153,339,1121,711,749,2242,626,1155,1401,398,772,681,879,2331,701,537,1537,2568,2380,1111,2588,376,1424,1062,1919,569,2459,1185,960,1455,992,513,350,1021,844,1474,708,2053,557,1442,484,592,2360,399,1910,681,1177,1190,909,423,1244,2119,524,1038,443,2409,1674,503,825,518,833,350,1138,879,1124,3056,548,665,881,460,3835,434,996,822,630,1443,538,1709,961,396,361,610,1889,1028,842,978,628,1018,652,1123,486,1218,2231,1210,776,1134,2549,871,2671,870,1106,1146,801,2049,554,665,4643,1346,1269,523,722,530,543,423,401,947,564,920,1017,1463,1125,799,1425,1502,416,762,389,1931,1044,2372,663,675,725,956,719,535,647,527,1190,976,395,320,540,594,1895,3177,965,696,513,861,1243,621,1474,1088,851,409,486,683,1675,1020,1283,727,1403,1100,2809,932,720,815,906,562,967,855,2156,446,589,2256,879,551,1763,1930,675,349,1283,1964,1990,1412,1369,589,1318,444,732,376,389,1850,492,310,522,1241,494,1018,3039,766,2009,536,1952,840,708,1028,1334,1624,671,1612,1486,880,889,1693,1316,2599,1736,1958,818,470,553,1250,2171,356,425,259,1370,1243,1314,871,485,928,1094,501,1035,865,1697,462,1172,1474,429,910,1435,881,469,447,1272,967,442,1049,1071,1767,439,755,741,1045,1635,2004,797,1056,2265,689,2290,1152,573,715,1253,1755,802,389,949,1123,1893,1031,508,1027,480,735,768,1139,661,1022,1074,1104,1467,1039,2218,574,524,1425,402,1406,1552,684,617,1730,754,884,2647,2687,1700,1268,1406,2866,625,497,629,772,901,2858,478,491,694,3199,1764,532,3050,353,1869,801,486,259,1248,273,984,850,485,1178,561,2302,608,959,866,970,523,533,432,318,3162,946,664,850,466,507,1347,830,1510,799,475,1132,797,746,1347,1608,660,1419,872,693,1211,1391,444,1368,515,535,2270,1383,760,990,650,1113,806,441,533,683,755,410,866,641,3274,872,1358,1391,1928,1338,1869,1424,392,1293,601,838,667,567,723,586,1012,2049,428,2767,1288,555,1239,1635,2673,1751,490,559,408,498,737,1154,596,1145,643,1005,803,746,532,557,297,462,1886,3282,1377,1306,296,459,701,1859,486,655,521,255,2322,576,874,432,1224,1232,540,1288,377,1075,2527,3013,2510,707,378,688,451,1060,5853,798,910,468,1045,544,687,429,2114,485,694,703,455,862,400,597,1002,2337,1146,785,442,1623,598,1340,1078,2323,1077,542,2959,483,1016,423,788,594,1395,318,2291,1136,370,627,478,480,1138,448,479,582,648,1684,1630,1306,505,673,1557,412,1489,1304,535,1883,497,766,2186,1150,879,545,953,1723,465,652,545,875,823,1974,497,773,1076,1262,1254,1297,1067,931,296,318,520,1424,1423,2014,1746,419,820,632,3586,511,793,776,1127,606,1220,521,637,318,1128,732,489,2171,478,454,818,3146,2518,940,805,1387,816,425,2320,397,966,729,998,616,746,1925,1178,380,899,462,1110,1629,358,1460,495,1022,227,884,803,3325,1253,1577,1270,868,1132,1667,711,675,435,1134,799,1161,481,587,692,520,470,556,534,539,249,462,521,713,1436,781,1029,847,852,2799,902,887,2428,1622,668,442,1224,2270,730,727,1345,841,1462,1069,650,1059,409,1595,814,957,1058,1282,1670,2235,516,2922,716,1028,957,570,1070,1476,1953,1650,2769,2227,512,2264,1294,857,399,592,992,928,385,818,716,2484,1564,1087,919,852,515,341,1280,502,388,611,1306,1605,535,898,1424,453,1214,418,1774,487,1907,1300,1358,251,1198,682,2376,982,1189,1160,586,1425,565,484,662,514,887,406,4020,836,1659,1154,855,892,691,1603,672,782,452,918,631,897,391,459,1411,980,1221,333,745,1940,3567,963,1372,1417,1065,843,259,691,359,730,1400,904,440,396,1654,423,1943,768,313,1981,644,1649,973,3983,972,1611,1309,1250,647,1001,1252,755,1891,1198,3941,442,1589,796,1471,948,1116,798,2150,981,1047,431,925,2334,615,835,1775,1893,837,1873,414,650,2851,888,832,276,810,782,411,566,1635,582,419,473,2740,704,610,950,1171,2399,519,284,577,989,605,1679,1413,1713,628,1266,2787,651,490,624,1393,1862,1738,363,425,355,2391,1000,667,3299,562,1453,620,1161,795,742,949,836,2486,1363,2922,771,1103,828,863,275,1300,835,611,2204,593,2018,673,920,658,494,970,2102,946,557,1340,2172,1846,2178,1098,1397,1303,1411,412,769,412,767,873,932,2217,535,421,607,1271,980,663,2411,345,736,696,2669,855,647,2177,952,2968,1125,918,1496,1007,851,613,441,843,2153,508,1054,486,1461,850,2163,1401,1311,1237,539,1103,829,1003,1121,1030,2768,558,1394,2372,466,1950,1066,3017,787,491,2308,1339,790,483,487,1265,947,408,620,470,1534,1535,715,558,1032,2322,439,1407,1423,776,880,1314,3017,1074,835,934,308,884,477,661,1446,507,1079,1176,622,1023,469,618,1393,533,1005,928,408,1101,488,705,1284,862,227,942,1493,1836,1186,928,425,1597,438,903,5613,871,600,910,1781,967,1064,697,3813,392,845,780,1064,398,689,352,392,920,1015,545,792,537,356,1350,1626,564,1866,954,612,597,587,1393,1086,821,747,545,1122,759,1179,1112,1347,635,1797,563,1965,1370,1356,510,1244,975,1531,1041,545,911,875,672,574,387,395,589,2080,1396,512,2642,1380,1190,964,1098,819,841,2158,964,1968,418,580,1506,2286,740,373,719,477,1075,1039,1242,1406,633,1970,786,1464,1954,1157,329,935,698,1342,1057,589,417,880,636,552,291,1380,1326,588,2392,805,1713,1281,642,2232,505,1054,831,2904,1748,612,862,1777,1745,650,835,817,1927,460,1248,694,815,696,812,1086,640,1130,1949,1572,939,619,931,806,743,780,426,902,1007,549,2416,485,433,1742,483,613,912,651,431,1082,946,747,910,664,656,1040,2306,810,1554,3846,2116,1045,830,533,830,1267,467,232,801,1521,1712,566,422,737,909,869,679,899,1716,959,635,862,1189,550,508,2057,475,1353,362,952,675,2850,1024,1494,1287,822,3272,2169,1033,1173,628,1400,417,768,336,364,1919,325,773,836,1648,2032,1891,815,2607,949,534,1097,719,487,554,2069,1195,1249,1441,471,1485,1072,1032,2578,3490,1015,791,390,1765,1288,1120,511,759,881,836,1351,2527,442,596,823,380,657,1110,1714,913,464,1725,1346,2220,772,1753,676,712,463,1236,3621,2340,588,771,799,664,872,694,770,1811,1306,849,933,1512,595,616,612,1070,442,747,658,633,1188,2497,1072,880,807,1662,630,1912,690,969,589,1279,668,1004,345,687,885,605,1097,397,382,1986,3529,1682,1692,1017,473,2312,1503,581,961,461,1374,641,974,531,866,652,4167,1314,1595,1245,960,1447,1872,1769,1375,745,1039,1317,430,613,3363,658,469,692,562,2851,611,1171,802,1510,678,3384,1737,1345,753,398,449,1282,367,391,464,1397,530,754,2522,369,917,506,632,1181,1276,1164,344,670,495,695,1381,2417,940,393,1812,1471,1641,1101,471,1756,537,699,1144,392,1310,542,767,2128,1131,408,481,1223,1052,1104,562,437,1123,839,735,2528,718,648,983,547,501,1629,747,830,844,542,1660,1149,362,623,1994,1272,883,446,1129,780,419,1166,399,596,939,1327,332,521,355,792,2577,1131,1221,907,810,1161,1258,766,920,1805,512,304,1009,627,379,775,1466,890,1220,1704,504,290,1025,812,817,665,511,525,1023,1722,1301,783,1166,3436,947,898,721,747,1203,714,633,946,508,483,757,744,2243,1007,1014,819,430,962,199,487,544,1436,399,1051,991,2588,1359,3015,986,738,551,905,330,612,693,1320,794,506,243,1493,604,495,1058,1136,1183,726,978,1424,695,917,371,770,470,2198,1987,395,585,893,3850,1109,1070,276,338,1382,748,1050,1476,1637,932,275,368,329,698,783,1623,1395,572,1246,525,927,1236,1063,387,983,888,1137,673,512,1271,912,665,1036,2421,323,694,712,696,2367,877,685,1206,2005,443,694,709,1137,880,553,1187,407,476,1806,1529,1237,561,1051,1145,1653,2124,1711,1136,472,605,437,686,380,1029,1751,1680,356,625,425,744,2956,1065,736,561,3098,1594,1193,1034,3114,708,391,399,287,2621,1034,560,716,641,1588,586,2641,1247,1378,1126,402,810,2131,2066,926,425,1224,660,1144,398,1417,1193,403,802,582,376,637,992,967,537,436,2048,436,1083,560,2850,1044,453,550,785,964,414,2137,694,634,1082,936,2034,1416,949,1955,971,907,567,532,944,505,1920,712,1256,441,1496,1219,787,917,453,1134,1223,958,635,1244,810,1272,928,717,807,251,741,495,646,427,1734,493,421,1198,519,511,991,982,845,1875,423,532,899,1221,552,450,555,1562,1997,341,667,1344,1470,389,919,543,651,529,502,386,2106,498,489,711,1075,1346,1299,840,404,546,1398,4109,471,334,459,778,743,2318,896,669,1431,1730,1118,719,1794,509,528,876,565,890,450,505,399,1091,649,3029,1001,1112,587,433,736,1221,629,1588,485,5577,1205,922,472,879,749,563,1466,1248,592,1675,5127,953,2071,611,1037,553,528,1143,2029,896,2080,712,906,701,1042,947,784,862,466,569,2157,995,924,2536,440,957,476,684,668,1714,1790,2182,731,351,1543,763,502,761,957,472,377,485,333,755,575,602,855,1645,742,1198,528,1722,1877,404,1305,2364,1967,639,767,608,655,2217,642,2243,551,925,1326,910,654,1234,1432,475,1055,2309,975,1159,468,2159,453,466,2033,1067,1336,1388,362,438,437,1503,566,1999,724,451,445,829,589,1572,720,612,2026,2754,587,303,1872,611,1083,949,449,1183,703,1023,844,749,1038,275,698,464,612,549,684,816,331,1409,2784,610,695,471,876,1062,421,418,445,1039,855,589,580,842,582,450,385,944,630,1276,754,881,811,712,803,469,2204,1385,857,1293,1124,2303,1390,479,1451,735,604,379,882,595,528,1073,1270,543,1158
12_KRAS,380,1163,252,517,625,1009,536,255,569,578,601,181,1127,748,763,541,1402,281,624,217,985,1446,248,1033,1007,418,617,241,314,987,1920,339,836,222,538,546,453,790,503,818,993,1584,1678,470,2028,197,367,929,331,539,1055,623,1552,326,801,496,891,284,1727,484,458,801,882,210,1370,246,390,259,510,2160,392,684,263,675,352,610,815,512,376,691,744,407,987,1116,632,807,326,268,1507,649,207,122,679,1415,567,1070,278,284,359,452,741,883,611,500,160,587,358,425,578,640,901,319,1242,830,549,1312,255,1147,1227,208,814,1042,562,795,916,559,333,339,1684,833,1192,261,766,606,300,695,309,753,357,657,418,869,513,814,1638,169,433,361,579,799,249,1734,1184,906,702,516,822,473,949,640,336,321,179,443,432,1065,1025,613,124,877,1991,130,1019,426,264,227,419,346,288,570,256,581,157,1733,296,271,1980,903,397,1044,433,381,839,612,967,387,193,743,260,1782,829,610,1894,593,119,252,524,583,953,250,1021,935,293,1585,257,694,389,1113,709,671,666,915,348,528,981,1125,1078,639,292,838,545,812,659,690,657,386,666,496,1110,457,836,412,365,708,756,316,318,679,669,926,699,297,165,725,554,735,440,229,364,486,344,143,201,384,849,3508,563,763,569,726,914,836,482,780,333,1046,1977,562,324,420,750,168,354,535,735,179,240,1046,1744,1092,319,549,1077,269,779,1025,147,1322,567,373,226,193,731,688,1188,459,285,199,519,485,862,622,391,919,592,589,1128,337,345,354,761,559,752,494,969,336,336,620,351,718,1016,765,1592,524,621,786,929,1027,433,1658,951,519,381,1931,408,3371,304,667,970,1897,2652,331,530,982,381,269,781,402,595,153,1266,640,609,491,570,692,960,349,562,459,713,177,167,661,1062,858,997,733,405,949,273,724,735,45,404,631,930,496,183,327,283,111,1164,463,1342,580,582,518,1293,1505,855,741,503,932,465,726,805,1821,535,435,489,843,651,296,443,446,571,503,972,323,295,198,428,460,363,499,1338,408,667,1055,2379,934,260,680,653,1000,808,403,1956,696,1038,593,856,344,214,1910,435,554,2215,375,967,410,305,535,266,676,316,290,1440,443,524,155,549,1462,441,1825,297,1282,148,346,400,653,388,928,429,1161,1054,342,398,450,816,434,718,541,973,230,521,359,703,544,698,227,764,714,440,157,612,326,1082,681,1353,628,880,693,1027,562,781,266,417,342,1071,304,597,479,885,553,912,454,408,335,436,519,186,670,233,633,1216,1278,641,890,423,668,1859,549,526,744,888,939,286,576,1129,948,1094,557,547,1179,480,1570,277,273,628,386,400,158,779,942,1497,303,25,625,249,688,742,470,847,345,490,411,2106,1401,863,356,1324,155,720,901,414,167,95,653,1040,504,1149,292,1825,1354,1275,481,452,1179,1067,2496,512,1719,464,322,266,866,1001,282,195,436,1831,684,838,580,289,1274,899,82,543,1363,399,489,333,314,526,2018,735,751,437,253,543,280,357,396,1196,249,458,143,467,485,459,489,562,531,1008,494,1873,300,1034,417,738,262,442,1250,190,668,312,224,343,753,1111,1396,654,540,226,2107,272,877,814,1639,458,425,731,517,1402,529,786,464,1052,622,300,693,337,282,382,967,979,951,2107,704,758,306,871,689,366,395,348,754,376,619,602,730,323,1660,307,245,987,725,872,367,848,534,326,556,557,513,500,533,394,1143,532,724,373,464,903,266,314,258,429,219,384,473,745,259,2360,292,231,354,817,1244,413,1119,957,1089,461,69,556,1061,1220,450,2240,1247,587,1110,940,1049,600,210,370,542,576,1050,876,666,497,473,330,296,400,225,479,225,597,486,323,172,815,789,2158,240,1223,801,774,395,542,686,577,294,353,392,719,401,537,335,196,429,298,977,395,142,414,1060,535,955,655,665,794,622,530,186,330,1051,276,218,1476,390,1505,451,624,434,256,266,426,731,379,325,520,469,445,1809,1225,135,751,2061,2093,776,921,1843,883,460,784,361,632,474,617,381,1218,221,450,406,148,1006,114,1921,287,220,1676,1077,640,485,470,154,1198,356,732,164,356,663,384,470,358,481,367,398,376,408,463,461,896,693,426,1463,988,806,310,1018,1806,1447,1399,730,1568,560,677,280,457,546,639,1423,892,661,538,497,401,397,1486,1512,361,322,684,928,642,511,1008,736,331,270,454,397,261,688,224,231,252,265,1811,189,592,840,414,787,529,807,1588,84,297,598,1609,2118,682,1445,182,902,248,1303,126,1724,612,1302,980,909,273,212,584,531,1262,544,993,248,839,214,330,1244,256,840,399,266,733,313,513,958,1186,159,722,240,1914,827,448,482,324,667,333,918,580,683,1525,322,841,378,410,2648,207,841,523,256,664,316,888,651,397,277,190,768,591,459,441,620,813,481,641,423,931,1192,964,466,500,1313,755,1443,568,686,659,743,1283,279,545,2583,1057,840,322,556,321,466,409,305,341,578,878,473,513,641,882,864,1016,255,594,321,1299,294,1294,355,434,408,758,361,289,391,227,1202,445,381,242,539,293,1363,2411,805,522,376,276,830,253,897,846,530,372,275,540,1020,640,1110,752,911,55,1578,815,293,375,436,250,844,587,1336,323,366,1767,457,670,944,555,333,127,971,889,939,1189,462,462,583,235,324,244,311,831,259,349,403,646,248,689,1279,418,941,441,1222,464,252,578,1024,814,344,296,901,547,564,974,925,1764,1157,1323,469,353,395,565,1337,197,167,279,663,811,771,313,340,921,649,416,509,551,930,340,617,417,283,258,1235,524,245,483,878,265,364,511,670,1205,229,550,529,399,697,1152,272,575,1414,78,1267,917,428,422,457,1483,235,446,848,730,1222,435,478,711,326,518,318,790,541,561,621,785,1335,689,1487,395,176,958,297,909,861,202,631,1084,343,638,1657,848,759,1041,662,1602,261,232,204,290,547,2066,234,113,88,2303,1025,483,1876,302,1652,537,309,200,1134,284,702,585,504,826,259,1409,711,635,676,508,807,388,204,262,1916,659,342,462,350,387,1066,405,1010,636,264,497,646,349,572,844,331,653,438,217,763,1010,185,1219,269,312,1140,1161,341,248,394,579,770,467,167,548,168,167,755,447,1603,440,1090,889,1239,591,968,1148,399,593,557,407,492,298,555,127,520,1223,297,1822,610,460,1161,1079,1278,1387,200,315,303,232,419,908,215,678,606,1028,400,536,381,826,102,137,1237,2313,355,757,168,296,308,1361,63,269,404,187,1008,285,448,116,738,752,250,865,149,644,1132,1878,2205,567,327,364,234,747,2656,560,426,348,721,341,587,311,1755,273,418,469,208,661,127,493,577,1698,408,820,317,1289,250,1177,688,1382,780,401,1318,59,791,254,377,341,615,280,1272,499,294,258,250,377,577,264,456,439,404,1078,585,503,205,411,530,182,933,772,315,439,399,401,1117,1160,492,398,485,1042,317,263,303,402,179,962,407,360,608,773,350,604,639,689,298,208,274,879,737,605,696,280,469,395,1901,345,521,571,781,344,697,385,613,305,1164,168,212,953,396,358,399,1592,144,453,524,469,419,223,1306,123,875,405,703,220,515,1577,620,272,446,223,838,960,257,1104,426,756,305,576,603,1773,1236,955,544,518,458,1155,551,513,424,635,469,958,334,218,711,330,385,400,542,189,233,312,549,481,569,805,1102,524,657,1835,617,297,436,799,401,411,1134,1320,619,828,616,574,791,829,214,457,247,835,415,667,533,1140,603,1199,429,1543,444,300,533,603,836,566,1700,1414,1293,880,345,1302,637,757,243,226,740,461,114,629,460,1851,1136,576,188,410,438,409,360,217,307,463,973,359,550,667,339,262,918,233,1014,438,1101,1315,953,256,887,416,1517,586,884,578,493,389,384,227,431,348,535,180,2585,884,907,776,570,762,527,638,340,471,346,564,503,548,377,410,953,658,422,264,498,1153,1680,756,926,1167,714,600,134,478,336,482,889,231,304,171,903,442,851,713,282,1573,493,1373,783,2770,687,884,889,1021,617,653,951,530,1205,572,2268,197,1046,384,750,564,655,594,847,598,386,539,532,1718,271,603,1126,1050,1103,1405,439,560,1930,651,509,282,545,621,349,383,887,330,478,177,1013,447,426,647,796,448,283,171,349,535,259,674,1000,560,442,788,2194,589,344,392,742,901,1143,175,233,364,1447,452,271,2294,456,1016,223,603,247,759,597,548,620,519,1404,733,781,456,212,388,559,501,448,1124,395,1588,446,721,386,303,935,827,729,362,818,1545,1007,1380,526,895,957,890,222,571,274,319,567,354,1715,264,333,363,957,711,544,1471,578,402,287,940,481,357,2122,578,1823,431,852,1495,402,257,434,367,478,782,397,256,331,936,544,1928,1242,642,1091,420,682,600,816,855,307,2016,388,1034,1499,15,1233,558,1498,303,48,1445,434,266,376,395,976,670,470,458,253,1296,846,590,226,897,1208,273,413,662,647,628,735,1359,692,171,575,201,755,297,446,1100,429,971,375,421,462,230,108,380,408,680,495,232,852,197,785,888,635,194,697,978,1302,436,615,311,765,684,427,2644,343,153,575,738,435,536,467,1530,276,211,669,778,85,358,324,241,632,1211,470,260,340,372,1150,1092,595,658,625,288,399,539,940,255,833,717,79,302,514,484,837,688,439,1408,232,822,1026,620,497,854,505,784,706,279,832,541,467,472,261,219,355,1346,992,256,1387,607,955,453,316,428,315,1557,723,1205,459,286,1320,587,550,208,424,286,961,526,1035,968,560,937,305,357,1110,604,148,449,881,615,1101,414,298,689,353,535,268,843,731,504,1218,486,625,716,118,1379,375,598,586,2055,1098,330,801,1322,1701,402,567,391,1001,239,769,502,645,312,657,1079,472,836,927,730,556,470,800,609,998,323,261,535,782,374,615,416,380,968,349,398,726,317,306,360,406,371,777,572,546,820,1600,413,1025,1775,1566,539,733,451,663,842,429,155,511,591,864,379,452,329,239,734,701,770,1108,778,450,677,438,785,553,477,423,981,330,758,394,1043,420,673,1044,501,2474,1304,904,988,301,839,145,331,251,437,644,238,671,527,856,1300,402,567,998,888,456,749,789,338,200,1629,661,800,680,188,1216,594,308,2055,1410,730,326,208,830,739,864,476,545,791,598,1058,978,202,441,514,361,516,935,817,558,269,1320,563,1259,369,732,467,661,207,905,2370,1857,811,657,620,287,728,721,333,1420,690,745,903,985,364,515,290,820,129,420,1300,655,862,1232,890,409,641,1361,320,1252,382,881,94,723,367,738,224,586,506,658,747,388,253,1207,1366,1050,1179,499,239,1360,936,325,786,334,1026,347,443,459,530,641,1665,1119,985,754,135,883,1609,818,472,655,659,574,245,291,2513,546,271,75,337,2001,848,707,802,1568,489,2659,874,918,375,484,511,987,188,224,458,466,285,175,1637,110,677,331,404,734,1013,641,392,359,208,615,683,1417,628,245,1339,1287,1455,712,362,903,94,516,590,233,1135,472,641,1026,826,367,127,692,760,807,396,183,672,528,557,1758,487,190,615,654,552,954,826,689,592,522,798,494,301,329,974,670,943,302,257,257,231,854,242,164,999,1025,255,446,158,536,776,885,654,845,304,738,411,491,639,1274,306,292,747,207,210,534,1252,318,626,1086,431,430,516,452,503,473,314,297,906,935,905,710,1049,1151,592,540,388,448,1039,586,351,1355,179,432,644,493,1634,510,505,963,300,440,208,605,436,1162,278,839,548,1650,627,1521,881,396,206,740,374,419,436,908,473,132,264,1029,581,131,655,984,935,598,981,526,447,562,187,596,340,1208,1333,271,444,627,2657,383,571,114,366,638,480,443,884,664,1096,154,466,315,391,778,1124,1266,395,731,442,510,912,751,253,512,556,692,490,346,1141,623,369,290,1343,286,449,308,410,509,642,692,669,972,255,299,373,348,667,162,769,244,316,1099,846,755,422,632,1119,1110,1102,1045,105,428,482,348,528,293,682,1582,1385,513,250,167,352,1701,877,611,133,1812,977,646,750,2006,597,288,347,342,1138,576,390,858,412,970,390,712,1045,1176,685,124,691,675,1251,733,402,361,558,1015,298,697,664,394,525,379,425,484,789,547,506,239,1681,294,1090,544,1707,594,363,582,418,706,317,899,679,434,674,802,1532,991,1049,1064,539,860,424,486,835,260,1302,360,533,507,746,779,476,354,309,772,759,167,334,967,337,573,587,529,443,424,605,243,221,273,1298,292,299,878,228,304,522,319,568,1368,328,322,647,665,403,323,310,517,629,147,404,739,898,337,921,167,371,481,433,363,914,303,277,553,631,186,1088,536,118,313,1489,3167,238,397,215,532,547,1547,635,257,846,454,748,498,895,395,372,551,401,394,298,258,379,931,393,2117,557,806,183,253,441,645,322,1189,299,3725,927,226,405,445,389,543,708,873,499,267,3672,888,829,533,1095,453,548,855,812,358,1549,333,899,232,520,64,198,494,394,392,992,533,237,2114,554,702,420,461,318,1261,1261,1307,407,278,1253,627,350,596,374,438,329,288,324,567,352,664,474,1179,355,669,370,1021,1216,323,699,1070,801,529,564,472,551,1494,224,777,357,523,719,451,158,425,467,374,722,1380,922,546,515,1419,131,270,858,988,903,1070,159,210,214,1109,539,1356,827,275,424,849,487,1193,399,622,1256,1346,321,359,853,353,578,604,217,1086,380,596,403,404,668,219,676,231,451,161,318,753,291,887,1285,530,45,27,816,740,333,295,267,832,582,334,417,603,225,416,245,625,403,1270,529,545,978,491,506,113,1887,982,416,1286,343,684,829,506,240,568,433,284,822,158,467,571,507,369,716
12_PTPN11,366,699,385,348,461,630,222,287,696,409,431,243,868,554,609,418,985,209,722,254,598,892,300,816,666,149,429,374,576,513,1260,631,547,49,339,562,344,603,368,690,668,1124,1248,294,1806,200,201,648,203,358,795,604,579,269,846,405,594,315,734,221,383,927,779,220,1833,302,238,406,260,1372,237,291,237,477,265,512,653,380,208,690,453,344,746,706,300,719,343,311,763,244,240,130,370,1329,378,810,314,207,478,164,333,438,265,360,218,194,326,549,301,713,532,197,1485,524,476,681,240,804,699,191,968,578,422,378,435,342,159,362,1123,419,787,167,548,663,306,688,288,444,189,530,265,1049,239,615,1224,161,143,237,402,555,220,1788,857,445,822,540,430,204,785,444,313,187,211,266,222,2068,775,414,324,613,1673,485,522,254,252,427,530,252,263,489,527,597,265,1786,363,264,903,399,251,237,601,836,742,418,507,449,185,432,135,1252,776,385,1618,766,269,354,67,374,611,177,844,687,190,735,165,597,532,908,208,533,354,859,174,427,824,734,560,1023,180,580,335,754,906,543,382,359,556,371,715,269,1030,382,351,359,406,237,329,583,882,660,730,227,269,516,452,580,427,446,262,424,382,246,309,221,690,2702,409,422,390,325,1234,675,725,600,329,196,1914,367,304,303,421,127,197,496,233,327,281,1260,1198,770,200,349,1330,335,717,327,101,574,485,266,224,356,569,430,1013,389,254,287,247,346,576,409,381,471,852,631,796,372,340,564,426,202,672,410,757,311,226,421,387,387,1039,889,1128,374,532,942,244,538,234,1086,413,330,252,1803,349,2158,399,1025,531,816,1338,320,331,567,400,334,773,302,353,171,398,871,299,204,546,763,963,190,177,264,551,156,331,378,710,1088,698,372,253,462,157,347,343,195,134,384,712,373,125,306,225,286,907,263,934,407,560,424,940,645,675,624,415,525,298,483,664,703,655,317,321,497,295,173,417,367,478,653,211,366,232,222,235,518,537,639,1163,117,433,913,1755,1000,93,490,405,616,586,265,966,448,585,375,811,465,158,2006,165,493,2212,150,732,331,349,321,575,848,213,258,1037,444,485,245,247,768,673,1738,275,534,235,400,245,618,460,564,428,727,722,323,324,603,644,158,467,581,823,553,312,527,479,597,472,182,856,281,155,611,256,193,685,774,1032,500,772,378,791,459,474,334,197,249,1041,176,260,493,536,325,1177,430,383,371,659,354,201,594,246,700,997,555,778,582,280,891,1084,183,558,593,668,482,142,615,749,765,557,266,728,413,538,992,165,255,424,346,216,327,846,386,997,279,228,733,213,496,603,660,442,211,197,211,1534,1460,361,390,823,241,435,751,198,468,235,228,577,715,791,161,1213,549,661,337,371,657,971,1479,459,1012,198,271,285,1102,595,237,280,252,1487,356,462,357,83,370,1175,94,478,1113,185,611,252,267,164,1500,602,442,760,211,360,315,323,332,944,139,128,250,362,296,153,381,456,450,500,328,1474,335,582,303,1032,405,347,619,403,665,207,431,303,432,1148,933,405,487,391,1002,228,546,683,1445,199,668,688,580,1355,274,538,528,343,415,191,581,690,343,275,1085,1062,359,912,452,387,141,621,450,335,454,420,331,263,415,945,692,240,1415,380,227,1035,636,681,426,578,563,371,445,714,524,435,985,293,401,353,830,200,232,688,125,713,304,466,292,196,351,502,223,1213,218,240,458,524,987,428,903,767,482,443,164,272,664,694,291,1529,1211,469,653,635,859,278,215,212,363,819,591,770,407,399,324,431,154,243,262,399,92,370,444,285,192,829,702,1368,410,1218,901,629,591,288,396,334,193,307,231,358,235,870,225,198,543,227,434,365,227,457,1044,726,848,428,295,651,641,482,153,234,1381,252,257,1334,353,916,105,335,249,208,397,393,421,362,342,798,272,597,855,1216,297,583,2511,1540,783,618,1347,844,460,525,299,511,346,658,367,587,313,568,527,202,1488,166,1239,249,155,883,570,478,379,305,170,822,769,471,461,356,352,289,392,312,308,233,486,319,189,305,226,398,604,260,1476,703,358,172,492,1419,1230,659,900,1110,234,866,310,335,335,527,654,307,344,447,261,262,447,589,754,345,213,410,485,270,203,1164,427,407,194,265,376,315,580,271,451,395,217,747,389,630,476,502,348,354,528,1264,277,327,678,937,1105,608,1101,177,698,509,816,314,892,830,651,530,392,260,258,384,233,733,301,896,336,1161,260,276,1600,286,952,291,983,517,639,248,989,517,174,516,307,1097,843,189,254,439,390,267,927,403,464,1085,276,126,282,160,2860,184,458,201,260,692,470,997,408,216,283,319,985,283,558,326,283,540,210,628,310,637,1082,636,437,621,778,340,1392,603,401,538,604,1035,278,294,2001,296,521,196,380,263,399,329,206,334,262,467,362,567,441,654,456,394,197,244,252,1043,348,537,344,579,422,413,351,303,269,404,494,260,305,119,336,292,1048,1260,602,300,75,388,421,407,499,614,423,258,195,259,1080,438,790,387,983,442,762,828,517,627,176,402,670,630,962,321,82,1384,315,423,746,817,138,486,883,759,847,608,616,335,401,231,314,138,243,513,250,120,380,495,285,372,1374,185,1019,287,1003,401,552,332,767,785,428,692,677,420,532,723,755,1069,865,836,396,826,374,443,445,133,89,213,590,430,530,672,100,455,304,327,392,315,899,203,293,592,328,212,477,676,212,106,655,361,299,321,385,663,150,285,325,404,695,1229,308,446,645,288,1374,376,293,263,448,1336,425,263,542,523,1634,356,259,628,161,364,219,977,250,248,513,544,977,696,1628,196,221,576,125,673,464,283,398,632,465,435,1286,1907,763,723,792,1364,293,253,224,424,347,1346,220,256,295,1522,969,327,576,250,824,551,293,161,457,149,548,556,222,344,315,573,395,521,535,504,428,176,174,176,1557,144,474,219,139,311,493,476,346,296,182,541,352,340,691,406,235,687,602,483,279,812,209,667,258,191,1357,653,176,352,349,403,387,342,151,368,286,269,435,282,1587,356,599,946,1009,628,901,719,259,507,432,353,292,236,458,265,443,982,329,1277,812,402,849,929,1193,1012,169,134,200,312,580,275,161,770,469,499,255,391,216,775,187,161,1138,1702,615,1023,270,294,377,858,183,221,241,221,552,282,455,136,827,1072,190,767,199,450,1054,1402,1309,429,275,240,137,330,2680,449,408,225,287,453,256,212,818,158,287,508,188,615,133,389,363,915,442,561,208,730,114,754,496,999,561,205,787,175,643,322,76,195,591,78,842,336,220,305,300,258,518,239,319,350,199,386,881,333,221,289,328,173,706,625,231,755,300,357,1220,639,343,273,466,755,277,240,242,398,524,502,207,416,542,525,459,418,591,453,159,120,224,847,630,798,1160,205,251,413,1319,235,420,223,475,336,542,264,223,92,621,352,238,637,114,250,196,1166,1217,620,248,563,335,327,663,264,485,206,457,229,417,1313,396,150,342,200,379,849,181,512,199,479,176,232,428,1647,519,767,267,144,695,938,402,617,306,859,385,650,263,245,475,129,477,443,300,202,275,259,256,369,486,350,529,631,352,1159,434,286,717,559,297,243,616,1010,539,297,1120,697,516,385,220,204,220,707,552,402,573,520,788,428,397,1505,240,363,329,238,825,540,903,597,604,630,303,621,562,389,191,191,562,618,307,463,345,1686,593,534,269,614,344,191,501,237,325,242,1313,1011,220,463,789,223,405,412,474,232,984,473,641,245,444,430,1427,310,562,309,459,1315,335,188,323,254,438,192,1583,413,729,512,527,589,308,780,260,522,336,434,394,797,286,212,786,428,715,243,266,1135,1282,387,991,910,427,253,128,307,214,446,979,380,188,199,869,300,909,301,255,674,217,1036,558,1890,573,304,614,658,440,417,1071,545,1107,466,1307,273,662,450,972,527,420,251,723,459,441,320,298,1190,443,420,973,723,810,1185,293,327,1156,428,190,130,582,463,256,224,591,193,278,251,1383,199,376,630,388,668,229,221,197,307,195,736,493,521,243,614,1574,286,305,266,542,830,1140,139,178,274,1371,313,437,1277,262,1342,504,715,139,443,608,209,736,514,1003,407,404,456,533,118,333,260,554,995,319,966,299,388,216,244,574,969,158,227,749,1641,925,1280,464,981,646,365,398,201,253,366,392,189,990,227,253,333,460,441,420,941,378,451,288,774,222,291,1088,355,1486,510,579,1094,570,210,399,166,351,468,437,342,337,410,341,848,983,573,363,286,577,571,772,751,641,1455,154,683,1659,60,1037,447,1608,353,265,1266,709,152,242,317,548,331,293,210,145,598,763,312,306,653,859,279,490,752,376,267,584,1530,544,290,301,232,667,291,273,637,324,439,440,351,364,316,361,1068,401,491,440,305,436,318,751,346,338,162,495,1079,692,526,363,274,626,433,365,2018,292,305,437,652,600,448,549,2894,246,620,458,271,209,191,230,236,443,884,434,344,136,129,487,835,343,596,677,392,225,330,998,603,750,296,205,30,255,621,648,813,292,938,407,856,607,860,355,736,700,737,448,408,508,260,466,477,137,249,276,1100,713,234,1534,696,674,225,447,364,357,1045,484,999,257,408,940,731,447,228,548,300,564,425,619,276,266,1053,649,573,462,374,219,221,353,613,620,389,232,338,173,456,231,455,780,233,905,330,846,986,297,1597,313,595,578,1179,1202,133,414,885,1159,272,313,130,1323,259,41,400,310,206,226,830,349,701,1096,861,446,143,626,346,674,468,202,344,549,271,1000,227,219,434,400,331,710,215,254,500,595,474,340,379,364,854,746,206,676,2090,1264,612,402,259,200,730,272,170,428,450,1184,299,271,327,451,567,577,372,669,548,303,549,532,315,404,1134,272,300,297,316,636,1327,708,598,764,199,1942,1175,812,576,311,778,210,405,175,158,688,217,596,590,1187,1353,771,378,647,247,208,1083,432,353,192,1664,458,427,888,173,1273,252,298,1418,1358,257,403,158,928,752,573,197,580,503,490,488,1210,290,233,479,152,354,510,795,592,165,1426,498,1089,274,1162,267,498,201,998,1697,1247,537,446,368,258,453,381,318,834,818,366,411,676,147,261,292,488,145,285,781,373,591,1095,450,390,460,554,363,935,365,323,488,557,339,513,244,442,322,334,411,407,181,770,1252,380,856,367,209,824,472,428,850,341,907,331,540,372,311,527,2113,578,854,604,544,680,793,675,354,255,623,551,261,429,1918,458,283,312,238,2326,358,581,481,661,592,2466,825,678,390,379,224,695,214,176,438,617,366,531,1505,228,786,199,347,507,783,649,243,427,233,420,698,1254,409,197,924,576,845,640,287,804,328,320,693,221,105,249,460,1121,576,143,178,503,328,789,341,219,575,344,362,1047,399,505,423,280,284,447,421,223,517,434,671,615,185,270,678,564,525,282,508,332,193,803,181,150,675,355,272,490,218,109,802,472,706,635,470,999,343,329,551,267,301,174,396,233,244,297,646,567,546,827,308,277,419,313,472,370,214,158,762,721,691,538,764,1957,434,403,411,310,720,541,244,846,396,309,387,429,1302,446,445,486,261,266,207,262,322,755,143,657,235,1003,595,1398,419,576,256,474,142,305,277,539,400,280,138,428,398,234,466,755,655,503,800,664,331,775,337,391,209,1070,1024,199,513,342,1765,522,617,199,294,449,389,334,625,848,659,215,272,164,343,510,639,682,307,428,172,402,589,449,205,605,302,564,267,311,693,357,207,364,751,160,318,236,301,1296,688,454,401,827,189,154,394,513,303,159,427,154,390,286,512,802,367,547,682,672,833,888,634,251,227,127,289,294,512,678,809,255,269,245,372,1638,418,319,278,1006,937,643,228,1073,315,237,236,91,846,444,302,90,315,503,357,655,833,1384,473,425,441,740,916,459,190,295,389,626,248,471,621,183,465,257,258,319,438,422,267,195,920,144,597,449,1242,677,176,262,284,391,238,989,391,373,645,640,1322,897,320,1124,522,389,307,418,318,33,864,237,523,323,411,639,272,354,123,748,552,293,391,791,329,541,488,315,576,216,336,267,277,121,590,238,112,648,167,246,416,451,338,866,226,237,446,630,205,240,198,608,788,157,442,964,943,264,656,232,346,312,353,194,863,232,281,235,755,590,1189,507,183,396,1365,1167,178,206,203,340,268,1106,623,338,564,520,523,444,753,378,275,494,370,379,286,334,251,549,280,1832,595,519,295,172,323,210,212,1072,204,4612,495,617,284,430,250,309,462,648,353,605,3758,850,649,244,670,349,422,843,901,376,451,295,408,267,202,338,526,234,247,255,1185,562,529,722,31,600,264,410,258,789,805,866,264,153,588,246,233,465,535,225,143,312,226,365,246,198,359,1031,467,341,367,638,906,220,512,1259,1034,230,304,423,489,921,246,1510,199,327,435,686,315,820,561,318,596,1129,466,489,289,372,92,319,1143,724,861,688,150,158,261,615,323,707,569,389,205,678,376,759,439,303,811,2010,333,293,559,193,664,386,172,361,475,325,355,539,498,180,420,274,284,197,224,502,200,734,1415,396,358,291,375,552,91,344,180,636,337,267,496,741,178,332,232,281,322,471,443,624,499,422,411,300,1205,472,444,601,481,1203,651,485,303,648,513,149,478,328,268,406,637,239,299
13_FLT3,479,1109,544,917,723,899,735,426,802,696,703,290,1489,709,1442,473,1652,732,855,535,1535,1716,347,1043,1416,421,351,378,905,1237,2467,437,845,215,699,785,482,966,500,1666,1496,1440,2202,801,2947,404,312,1108,222,419,1509,803,1451,298,1472,763,1219,277,1124,551,711,1160,1153,251,3051,481,544,536,627,2992,182,1223,386,1121,478,662,910,831,366,745,783,417,1529,978,677,797,373,538,1788,833,312,330,830,2298,568,398,302,439,942,708,955,672,1072,649,349,637,550,825,323,830,846,393,1554,1296,532,1302,179,1338,744,334,1442,874,681,965,889,808,459,842,1770,746,1094,296,1225,940,521,1083,703,670,293,1751,351,1337,620,955,2593,417,142,546,812,690,130,2284,1145,556,929,754,531,553,969,729,589,421,254,787,452,2847,1051,644,345,1289,3254,956,622,601,359,522,766,395,428,594,939,1614,209,3530,692,626,1891,1203,282,684,647,1656,1233,492,1403,558,433,555,249,2518,737,636,2613,845,257,515,355,557,1083,260,1062,551,373,1480,291,1318,712,1329,541,856,582,1158,475,961,900,1216,852,1184,279,1004,919,1320,974,912,896,560,1337,766,1017,441,1409,497,295,728,628,307,427,1134,1016,1164,773,434,281,473,993,807,843,403,189,567,670,205,579,587,1707,4080,717,1019,752,500,1403,1180,1318,867,398,890,2672,741,399,604,1185,317,422,628,485,432,139,1540,2151,982,457,517,1313,763,1270,716,270,1082,1002,418,258,585,1287,1255,1156,597,480,165,521,616,971,550,568,769,1434,636,1948,377,330,849,762,845,920,520,1383,419,255,764,435,855,1213,1121,1772,375,1002,364,790,947,725,2114,1278,830,467,2449,453,4199,851,1422,1428,1827,2855,530,798,1006,576,246,1561,465,709,567,1097,959,978,611,928,1003,1270,232,82,770,710,327,826,873,1140,1161,1303,741,306,490,180,551,880,404,422,1029,1131,488,510,316,116,469,1462,401,1692,599,1462,775,827,1233,579,1033,557,922,378,1023,851,2002,638,603,534,846,378,325,691,427,416,1015,1102,525,515,385,515,683,752,944,1608,815,731,1475,2533,1284,272,732,497,1019,1220,238,1278,852,1356,669,1608,741,267,1972,603,613,4317,312,1762,532,323,716,987,943,356,420,1642,767,802,405,627,783,1247,2763,485,754,399,555,641,642,560,1348,756,1175,1902,499,697,957,1247,625,503,499,770,465,700,638,826,889,364,253,1134,808,556,1186,678,364,1105,1620,1668,709,1071,738,1160,402,1389,551,433,391,1894,332,592,842,986,727,1178,832,848,229,792,782,577,632,435,772,1138,1042,1455,988,413,876,2404,314,959,915,1295,1251,275,1023,954,2002,712,892,1147,1533,1212,1852,276,460,591,710,594,405,764,859,1287,437,284,1404,296,1240,918,879,772,271,433,279,2808,1304,629,445,1177,461,607,1076,403,752,597,682,1334,1075,579,293,2297,1352,1309,423,688,1709,1882,3177,660,2671,291,389,515,1466,806,362,490,419,1756,1009,1270,420,186,1112,2434,296,846,1210,310,148,414,320,426,1358,1027,822,1067,423,628,935,610,695,1263,356,644,455,799,639,324,407,480,657,797,808,2046,453,1445,552,1859,639,647,1092,735,914,331,152,598,667,1403,1790,550,479,232,2022,459,1027,903,2351,413,1017,1358,847,2159,629,1103,805,854,849,248,652,797,611,279,1388,1595,892,2401,1228,1222,256,1124,1041,512,826,406,1012,989,1035,1134,909,388,1071,462,267,1112,1146,1295,610,647,689,365,541,1367,460,865,1492,368,459,501,1140,214,422,1136,303,965,447,596,346,45,681,1218,380,2828,470,313,944,996,802,411,1031,1399,1342,737,362,467,1264,1467,435,2556,1708,950,1005,1693,1341,487,576,417,927,1306,1124,951,633,626,466,765,305,455,419,758,275,633,540,362,415,1189,961,1951,525,1017,1660,920,900,422,940,503,320,503,404,943,488,1375,289,398,821,275,1046,718,408,563,1412,877,1157,814,813,1160,1182,731,258,455,2891,402,284,1952,839,1288,202,800,320,213,450,554,829,719,439,1219,477,816,1887,1436,440,932,2534,2303,1349,1050,2127,853,889,584,237,1177,432,1250,392,970,602,936,437,236,1521,187,2385,256,241,1973,1529,1456,758,508,267,1138,1155,932,1062,675,693,682,63,573,563,691,479,501,532,599,440,750,850,427,2297,957,829,528,1480,1976,1387,1318,1578,2088,418,1539,638,765,339,906,1575,1519,682,820,556,961,636,1364,2089,592,321,711,817,496,400,1176,638,348,349,510,645,472,978,302,853,694,427,1892,737,842,1301,408,906,588,1039,1662,490,326,1187,2157,2383,1033,642,555,1260,737,1490,224,2206,1469,1139,1121,979,428,257,937,930,1767,566,1870,563,1360,485,421,2305,490,913,658,1044,1032,273,326,1205,1785,340,839,413,938,1813,433,265,312,794,330,1002,679,1119,2304,505,834,400,387,3626,372,724,418,235,1019,519,1446,692,281,328,509,2042,667,689,512,625,640,313,807,360,1010,2185,944,727,1437,1391,792,1945,463,701,812,888,1617,226,488,4332,576,1080,603,655,455,549,318,382,729,538,810,753,1393,811,956,1207,638,346,549,696,1891,597,1454,561,738,676,454,356,348,463,234,1052,996,467,315,416,491,1083,1241,1035,660,332,1073,833,519,1292,1320,615,554,224,513,1143,809,979,840,1494,658,1713,1012,607,768,839,564,800,578,2208,304,332,2008,737,339,1742,840,632,458,1337,877,1710,1390,1308,633,1152,393,463,346,265,1634,383,113,598,921,362,520,1507,326,1217,656,1320,689,548,741,1550,1492,559,576,903,908,606,1537,1451,2469,1284,946,707,1908,309,1507,1438,350,445,339,1101,914,857,1078,372,985,928,850,957,549,1478,329,666,967,304,726,1114,917,318,457,1258,724,576,534,614,1496,401,681,684,885,1333,1535,439,651,1508,592,1752,798,525,1048,745,1195,708,355,836,772,1408,651,345,1448,178,660,384,945,324,321,493,1100,1439,884,1967,243,339,1087,325,1275,959,244,574,1043,1022,856,2587,2467,574,861,1280,1530,577,383,417,540,330,2025,281,287,681,2427,1408,514,2134,268,1601,1070,326,347,912,282,895,742,588,688,325,1822,658,605,629,945,839,316,277,456,1979,929,499,514,325,221,916,802,1131,640,291,777,800,582,565,882,381,1361,579,404,762,765,725,1158,407,455,2063,1204,269,381,1162,1022,994,748,643,870,655,390,962,723,2753,759,962,1246,2070,990,1571,1186,474,956,363,793,701,422,875,170,1087,1780,426,2090,1392,532,1260,1228,1953,1522,351,255,414,478,654,896,374,643,402,1112,502,743,405,1249,352,422,1439,1808,1086,1225,290,450,379,991,312,316,334,159,1689,392,1006,291,801,1879,381,1219,404,866,1689,1930,1927,1090,235,563,374,769,4606,542,557,375,852,683,515,430,1275,323,347,663,255,944,491,483,894,1110,1085,414,302,1117,354,1210,1037,1586,774,437,1533,622,904,174,558,259,1076,295,1444,887,403,307,393,262,1032,417,560,566,279,957,834,900,295,548,1002,298,970,1073,451,1123,360,503,1453,1172,844,476,851,980,235,348,253,676,465,942,314,677,1089,959,1030,1069,789,646,346,343,226,762,1008,1110,950,225,655,369,1789,422,417,610,941,322,535,223,420,445,1120,519,242,1558,197,205,604,1549,2031,1099,757,943,489,416,1488,412,798,484,748,370,550,1552,737,265,494,465,1080,1534,267,1227,423,915,229,662,578,2908,1037,879,872,946,794,1295,942,385,539,1110,745,879,210,786,745,443,675,365,421,226,386,340,573,692,1409,1237,1021,583,649,2119,593,790,997,1357,614,642,1266,1925,569,601,1406,991,1515,744,355,592,112,1557,718,691,1174,1198,1862,1710,391,3242,711,886,709,450,734,1044,1565,1311,1631,1709,407,1757,1109,520,430,654,1001,694,326,620,693,2528,1819,563,512,717,510,149,670,257,455,485,1610,1324,787,259,1127,475,604,541,1245,536,1044,722,999,384,863,769,1861,675,1280,961,602,1359,479,325,658,354,695,547,2783,716,1840,869,650,771,368,1926,538,726,391,780,634,763,424,448,1293,595,1282,356,555,2011,2675,956,1178,1482,1051,452,413,525,378,882,963,595,417,331,1175,369,814,396,416,1361,404,1670,878,3154,1320,1048,915,983,661,698,1363,959,1615,484,2952,341,1526,631,1655,856,874,575,718,1031,602,587,653,1768,546,680,1609,1240,1322,1731,391,689,2139,512,971,384,464,751,403,674,1718,272,616,627,2439,378,548,842,800,788,341,305,627,950,305,1199,1478,1482,559,1229,2918,621,560,595,1042,1585,1825,354,623,600,1521,1002,521,2930,528,1221,350,921,414,946,591,720,1391,1082,2325,756,829,593,359,313,905,470,760,2272,430,1757,362,829,563,499,638,1205,585,514,1444,1632,1052,2052,807,1299,1055,1105,332,610,361,411,580,510,2077,458,269,287,562,713,434,1332,710,339,733,1803,734,454,1666,595,1617,619,816,832,816,474,433,267,641,1447,463,469,420,903,950,2064,1597,1123,1097,434,1040,861,801,1378,583,2872,337,1125,1419,280,1124,785,2009,936,450,2072,1423,420,397,380,1547,886,507,334,362,1502,1607,667,484,595,1991,416,1356,926,700,454,793,1808,1231,505,378,281,424,413,520,1619,366,914,698,493,348,568,286,1135,302,799,860,399,1089,476,799,522,801,632,801,1624,1488,956,644,338,1227,785,1029,3807,614,599,622,1189,687,1190,639,3412,287,914,620,913,171,470,693,449,955,1021,812,723,543,330,1761,1102,383,976,1202,634,488,667,1233,1019,603,691,631,1071,457,1069,723,1234,578,1157,578,1205,1313,847,733,1304,969,712,1101,249,958,409,385,550,211,231,542,1789,1283,572,2901,1153,1510,561,752,573,696,723,863,1778,533,419,1110,964,955,297,568,663,1173,757,1343,801,233,1885,810,1032,1205,946,322,491,791,897,804,539,379,358,443,496,352,714,1114,263,1061,348,1165,961,623,1879,440,765,945,2708,1780,487,672,804,1385,652,365,821,1453,303,670,702,810,539,940,992,427,819,1706,1612,277,736,880,568,1009,662,442,551,449,514,809,400,425,1012,389,416,929,530,428,902,287,544,450,484,433,1224,1798,368,1242,2562,2583,970,678,386,659,688,335,457,875,725,1535,469,413,507,874,989,395,1163,677,948,664,715,1003,722,644,893,314,846,457,683,568,1959,674,1269,1151,495,3414,1022,1130,1329,591,1021,321,394,204,590,1122,434,1178,634,1219,1524,912,646,2050,893,445,1240,978,397,329,2328,850,604,907,246,1579,812,862,2107,2165,538,708,353,1628,1157,1103,412,477,428,667,1274,1502,677,454,665,374,343,853,1544,1016,217,1941,850,1864,665,1082,527,1022,226,1102,2908,1506,990,980,856,483,616,649,499,1633,1367,937,824,1274,433,650,421,1044,280,713,740,663,1208,1057,794,686,802,1360,796,1646,350,1165,430,766,518,698,269,700,601,748,372,442,318,1202,2081,936,1369,912,330,1579,1040,461,1272,538,1406,508,852,448,873,371,2539,1048,1219,939,395,1332,1293,1146,773,549,1407,1087,357,639,2537,454,434,331,436,2234,654,1223,886,1659,926,3373,1299,1052,544,393,553,1023,546,360,343,1416,782,692,1374,361,729,391,363,1006,811,693,540,668,278,1024,973,1839,601,343,1456,1623,1764,714,377,1402,411,296,1270,452,919,353,887,1707,999,150,228,999,1219,1248,206,378,853,799,483,2315,835,602,938,378,580,421,663,977,949,603,1181,1147,201,390,1426,1306,955,176,582,481,380,1374,555,530,1358,981,205,431,188,859,1889,1380,793,957,572,597,918,816,797,1543,288,402,674,585,297,574,1219,729,916,1850,393,320,641,574,922,723,430,310,1235,1166,940,713,1072,2049,607,723,245,817,1672,837,493,1939,391,402,595,972,1202,476,918,1039,420,486,136,240,150,1197,327,927,556,1906,1093,2443,457,691,443,747,438,604,684,635,679,413,414,905,569,459,868,934,1436,491,1223,1156,588,1225,393,338,362,1824,1370,285,810,858,3195,771,1036,292,553,717,753,570,1074,1449,966,251,637,403,766,865,983,1331,718,1147,322,964,1181,756,319,697,613,752,406,369,1032,965,37,760,1664,371,633,439,181,1262,775,811,859,1545,639,601,454,1061,751,420,788,315,476,1285,642,774,393,854,1188,1164,2066,1481,1378,479,353,438,321,398,501,1561,1782,744,295,337,781,2825,1117,714,385,1857,767,284,794,1793,624,327,231,467,1235,840,324,817,492,1488,494,1826,1169,1540,893,534,661,1993,1850,859,290,1038,815,796,552,1004,542,355,383,384,375,562,839,522,545,376,1014,327,978,521,2618,1269,190,409,581,777,182,1616,564,810,1276,1065,2330,1032,1094,1487,865,1017,354,753,1106,894,1229,565,808,533,1192,966,693,612,319,1472,1298,430,335,1330,444,741,822,522,602,290,258,317,608,417,1392,397,395,1249,190,573,525,581,678,1815,381,303,749,1115,563,395,504,1613,1565,339,574,1183,1403,355,1077,407,457,1024,356,188,1187,444,216,343,1226,576,994,484,329,483,777,3665,366,434,454,471,632,2226,659,582,1439,883,1031,645,1290,503,604,867,565,959,408,367,453,1075,348,2947,686,908,401,398,365,716,242,1267,360,5797,1065,581,387,493,339,597,1153,1161,508,1116,4654,940,1540,627,1118,425,692,1124,1213,705,1249,615,1059,570,768,525,817,606,193,504,976,882,917,1936,534,879,611,714,324,2041,1505,1350,666,458,1115,804,298,562,790,393,325,259,357,828,334,386,576,1508,601,1085,375,1101,1555,621,1003,2387,1968,427,546,804,590,2049,1204,1603,389,726,775,1119,442,563,927,460,1084,1857,1170,1124,334,1578,299,225,1465,1281,985,1290,453,454,317,1279,492,1473,855,520,360,487,377,1409,576,650,1881,2479,321,390,944,290,1419,778,271,1127,417,914,321,658,893,333,905,386,471,242,530,751,384,1155,1943,452,655,376,885,755,338,452,270,1018,538,491,375,939,168,301,352,481,618,1118,588,782,1008,733,464,205,2142,1253,562,1143,656,1676,1278,777,568,639,435,262,959,433,653,748,1051,594,964
15_IDH2,17,87,73,31,21,52,47,82,51,61,7,19,579,58,123,42,88,5,112,6,114,82,7,23,239,64,66,14,43,138,156,98,58,14,74,159,7,199,46,45,61,63,46,21,160,8,35,169,38,9,116,23,41,71,492,47,5,51,171,14,49,65,1,33,334,14,48,16,4,356,23,85,70,22,45,47,247,124,62,35,60,13,55,46,128,46,68,7,130,40,14,13,55,120,20,32,36,53,66,51,35,31,37,106,35,46,82,13,22,195,63,67,145,116,32,40,41,9,54,52,51,92,96,60,61,55,24,33,111,317,6,31,110,91,27,29,19,168,15,144,9,43,57,57,95,3,24,25,35,47,8,174,43,17,112,23,130,8,201,10,57,2,52,54,50,84,2,97,18,46,121,5,34,4,7,39,12,14,4,55,14,342,12,507,88,86,179,34,15,12,4,26,22,56,35,56,7,86,23,130,33,9,128,46,15,17,3,99,40,10,168,86,20,350,21,36,33,12,19,27,30,158,8,25,127,113,66,205,12,285,42,58,130,30,32,17,6,14,77,51,155,50,56,18,15,21,64,80,24,3,14,44,10,80,70,107,75,63,18,25,6,65,183,86,138,449,51,43,72,80,277,14,17,31,1,73,560,119,60,68,43,11,0,247,10,20,12,93,168,21,55,105,179,73,83,64,52,130,51,10,70,40,228,20,47,46,17,15,39,31,49,101,99,463,76,113,152,134,24,91,69,27,202,7,199,50,9,28,30,13,286,387,161,2,60,107,20,271,49,62,0,61,4,468,95,224,119,247,123,108,107,10,44,31,4,13,129,108,51,36,37,240,18,10,35,218,33,11,71,44,48,3,9,48,19,107,43,108,13,0,13,36,44,27,13,6,69,18,13,115,1,0,76,2,213,8,76,14,198,4,52,17,8,57,15,0,12,54,159,33,17,6,0,5,1,12,6,8,12,20,14,13,5,35,10,40,78,8,13,82,175,168,10,38,62,111,86,6,106,16,25,71,37,7,8,185,51,0,329,8,149,29,5,25,47,19,32,26,113,45,38,11,12,5,16,43,21,41,2,3,12,61,26,75,4,148,11,5,88,10,23,29,49,34,17,42,56,43,7,38,218,29,124,4,2,58,32,0,27,145,76,67,121,27,75,45,50,1,0,5,153,19,92,26,44,27,134,33,6,12,34,55,40,56,30,129,27,3,40,51,14,8,21,10,83,39,79,21,19,116,134,119,20,45,134,99,32,122,4,12,33,70,33,9,41,39,43,41,0,121,5,89,64,89,19,13,35,6,83,58,33,44,48,23,87,62,33,24,31,94,46,27,66,10,324,59,190,15,22,29,137,487,117,164,31,140,25,121,33,23,38,29,361,11,41,59,5,46,71,13,158,174,6,36,18,22,59,163,29,124,7,10,7,23,31,9,15,6,51,3,15,87,11,2,80,2,3,31,187,11,16,13,244,6,2,32,22,82,3,27,24,6,0,156,59,11,133,86,15,38,46,367,37,119,35,44,257,8,41,30,20,15,17,118,97,36,12,46,76,32,45,28,7,56,41,38,14,118,93,26,76,127,174,35,6,153,19,53,63,149,66,9,67,19,5,50,55,45,117,31,31,4,12,105,16,49,123,67,66,8,68,20,1,47,65,94,242,66,74,64,147,2,103,13,188,126,21,62,6,5,30,14,522,158,120,34,98,63,19,39,42,29,40,33,85,9,78,31,19,44,20,33,29,29,39,120,45,18,1,49,149,32,143,131,18,32,56,94,47,70,51,42,74,39,46,40,2,17,1,117,1,27,85,408,136,219,248,63,270,76,67,20,3,226,23,18,207,27,76,9,24,26,46,34,17,10,22,7,24,19,18,59,235,42,71,529,296,211,60,118,160,35,69,13,48,33,30,33,34,58,9,255,73,327,19,138,54,39,79,16,41,156,21,4,40,16,116,21,1,17,71,3,9,105,63,117,66,77,30,79,96,151,7,175,57,33,5,35,92,171,41,83,89,14,124,53,30,4,229,33,54,187,10,20,47,36,33,79,56,12,5,82,22,37,209,17,83,100,42,19,6,14,19,66,70,39,87,2,46,186,48,26,32,28,381,50,12,297,57,159,84,104,23,68,113,56,29,95,127,153,150,50,22,6,105,44,163,36,211,2,165,24,22,84,14,106,28,97,62,76,8,134,126,24,16,67,25,187,6,30,35,20,19,0,3,87,156,30,28,44,27,484,6,19,36,15,21,2,383,25,40,11,2,140,46,92,45,62,62,26,15,29,37,238,85,85,70,13,32,248,1,4,143,52,103,5,20,374,22,115,33,36,12,38,22,2,89,11,70,28,60,29,2,188,49,3,61,11,70,36,49,19,10,72,18,12,81,12,8,104,120,9,6,69,1,106,318,54,29,23,41,65,38,63,25,46,14,33,22,17,40,112,57,40,60,56,109,0,87,27,42,74,158,57,47,12,62,88,53,29,148,10,69,147,84,12,41,281,44,107,23,100,14,15,53,62,7,32,82,17,24,225,14,24,8,87,43,35,34,120,36,28,131,1,63,47,155,85,166,64,119,55,1,93,37,41,11,4,16,186,79,24,90,51,117,8,38,93,23,51,9,96,19,48,58,90,224,7,5,186,23,15,78,60,23,35,13,22,14,6,257,41,29,58,16,159,7,63,64,66,357,56,23,14,26,125,22,42,24,27,86,87,128,13,90,44,29,93,37,531,28,31,50,17,125,56,11,88,54,9,60,133,287,92,53,41,172,65,24,45,27,39,217,4,23,13,118,133,130,114,21,103,100,62,18,105,11,32,30,34,27,54,107,27,145,33,48,4,55,9,10,48,77,16,25,106,10,49,27,18,27,60,26,16,27,43,7,17,101,19,3,128,76,39,64,27,16,372,56,32,27,35,42,42,8,12,57,19,15,87,34,207,13,71,61,85,32,179,40,24,17,30,9,14,48,41,24,96,208,41,144,79,103,104,190,198,164,64,7,47,35,40,36,7,28,39,36,164,29,19,76,18,10,486,463,121,60,72,20,122,15,35,7,57,19,64,5,20,42,64,200,19,115,3,20,25,3,94,10,36,42,7,63,255,138,90,58,19,22,37,53,57,27,25,32,12,109,17,11,40,297,0,66,10,30,47,96,75,71,130,44,121,32,65,9,68,13,4,53,68,183,10,9,50,53,89,28,43,85,47,5,68,51,20,76,21,11,67,30,62,116,9,11,267,21,88,26,46,78,37,91,69,25,6,46,28,105,74,79,82,52,55,107,48,23,50,28,49,70,354,49,58,46,74,44,114,58,101,80,37,39,22,10,117,3,88,110,55,18,14,235,68,28,5,41,90,30,114,20,1,62,60,27,50,279,33,7,11,1,6,53,42,76,24,120,9,32,29,258,44,123,77,112,88,95,37,51,27,130,43,162,5,31,4,12,8,40,32,9,2,5,22,54,321,104,20,33,45,60,30,43,191,50,20,60,50,50,86,53,174,41,61,26,32,129,3,70,21,21,218,71,27,62,14,88,15,71,82,10,1,64,53,30,43,200,2,176,1,21,0,27,101,51,91,16,20,58,131,51,44,70,26,66,23,50,22,37,136,88,16,0,163,5,64,17,165,0,89,89,85,41,62,28,394,41,169,29,1,2,28,8,15,26,168,25,90,61,70,89,17,46,27,37,20,21,8,50,31,70,51,39,164,26,42,10,76,90,383,87,222,181,125,4,16,55,10,6,60,16,58,28,107,29,61,65,28,227,49,423,48,153,100,114,25,15,31,21,41,23,166,11,129,19,106,58,10,79,61,94,125,83,11,14,7,48,22,48,82,162,28,189,22,87,189,62,52,34,86,64,50,27,125,70,12,24,51,33,97,38,85,9,30,13,12,52,19,10,44,31,5,49,212,22,56,47,43,59,230,1,8,40,137,48,67,274,13,109,16,94,21,15,21,60,104,154,418,98,33,30,27,33,190,39,68,189,46,82,16,65,18,4,27,32,22,51,84,164,87,156,22,28,24,49,99,13,43,53,7,36,86,33,2,1,50,7,87,97,16,42,77,74,23,6,56,46,179,97,57,15,33,48,20,9,71,109,113,25,41,35,48,125,93,65,92,64,40,5,29,42,105,129,15,80,90,7,111,17,381,33,19,218,63,51,22,77,74,45,11,27,40,255,156,43,23,45,110,41,67,89,41,65,257,358,96,46,22,43,79,42,84,20,2,38,25,116,16,43,0,110,34,121,29,34,28,17,81,68,39,22,32,77,258,100,27,39,34,52,37,919,2,22,30,35,45,111,17,92,74,22,124,30,1,51,14,59,23,54,69,103,35,9,26,56,69,62,0,54,23,26,5,4,34,30,26,9,16,47,37,38,16,40,4,72,146,43,44,39,39,58,34,39,29,62,35,8,10,25,21,40,79,60,308,136,28,72,15,49,67,100,49,57,22,78,81,66,0,16,90,9,6,80,48,30,27,8,31,31,21,79,28,7,31,95,35,16,31,17,7,89,77,69,38,1,96,23,0,41,25,178,21,318,80,168,51,10,20,75,19,10,135,18,70,50,40,42,148,26,51,32,6,180,55,54,98,64,147,100,107,39,27,17,20,5,176,59,47,17,92,34,63,31,82,178,62,52,54,66,59,54,14,24,45,607,388,95,6,8,7,108,30,21,47,19,52,0,23,60,10,55,45,114,44,4,17,70,16,14,14,249,80,20,6,24,60,217,85,78,164,90,198,25,55,84,94,68,41,14,18,27,77,18,35,30,202,277,45,25,94,93,5,39,95,105,5,235,113,91,87,12,26,97,40,77,162,12,21,0,8,85,21,19,5,32,5,115,305,28,15,16,12,110,54,225,19,15,141,65,87,19,538,27,66,59,114,165,241,43,1,35,28,14,11,34,143,207,19,45,3,4,0,11,107,28,11,41,123,144,106,38,48,19,100,10,143,27,111,17,57,14,63,44,25,108,5,27,46,0,61,72,46,89,83,23,133,122,70,56,92,81,8,144,49,102,51,1002,67,183,65,69,93,139,35,37,99,53,109,12,16,219,85,70,55,73,718,35,122,78,125,35,588,88,8,76,12,45,73,4,47,41,17,42,64,90,8,68,1,25,63,62,33,37,51,27,39,80,63,132,18,146,38,291,127,65,45,23,41,2,57,16,50,21,17,17,23,23,81,2,198,81,7,47,1,17,161,64,6,67,51,15,58,14,24,52,78,60,178,28,47,99,23,24,98,24,22,4,276,32,19,111,67,57,24,24,96,74,68,54,29,73,11,31,34,66,38,42,20,17,11,39,51,88,25,48,66,4,6,56,18,46,26,27,22,32,99,195,67,15,112,25,53,49,72,103,23,11,48,52,79,46,50,243,50,26,15,62,5,48,56,21,84,28,3,37,200,73,50,18,25,43,7,2,55,66,8,21,7,19,1,28,8,37,96,10,98,5,43,38,109,28,15,7,68,44,25,20,25,537,165,42,22,27,78,51,90,13,130,9,4,5,11,47,21,55,95,45,104,35,56,36,76,27,83,27,8,23,30,7,28,16,2,288,19,25,21,20,100,9,24,13,143,32,17,18,64,70,26,75,28,25,29,13,96,25,45,143,59,58,114,13,16,46,10,11,33,37,64,106,42,17,21,81,209,88,16,4,16,127,51,24,261,46,11,15,9,54,113,64,19,35,26,67,170,148,41,38,37,41,175,197,70,59,124,41,77,43,57,37,1,4,43,17,39,19,96,33,15,123,16,93,67,72,51,4,24,32,128,38,123,91,38,27,106,178,108,33,122,161,48,8,8,75,121,46,74,82,17,127,87,32,88,9,68,46,29,43,11,23,22,59,58,49,4,84,25,105,14,47,22,39,48,51,25,2,23,35,118,11,54,61,66,21,5,23,30,4,3,46,35,113,63,15,10,21,16,1,36,205,45,46,14,25,169,14,44,18,73,390,348,33,47,13,1,67,72,10,8,38,25,43,15,92,29,19,10,18,28,10,8,30,71,24,453,97,47,74,37,24,9,13,176,34,556,0,39,16,16,56,24,71,29,44,130,733,4,34,32,110,10,40,190,3,19,132,10,103,53,74,14,176,77,13,71,186,71,42,137,85,92,42,2,20,37,11,160,27,48,142,18,27,40,39,5,18,107,33,21,6,1,43,300,37,44,2,241,137,68,43,224,284,66,11,18,91,198,87,36,17,6,15,55,3,14,38,24,40,327,127,23,124,173,2,49,76,119,143,200,16,2,38,80,5,32,11,68,70,187,81,34,17,8,57,132,22,15,30,14,83,28,24,21,15,20,15,12,7,12,13,53,58,51,34,17,24,210,130,9,40,23,12,68,111,48,26,40,59,18,10,130,8,0,11,8,24,54,15,96,37,20,86,24,55,10,96,57,32,145,96,38,121,41,89,70,121,14,21,73,25,6,56
17_TP53,342,923,786,621,528,728,226,383,366,689,413,206,2055,495,856,751,1246,192,680,340,876,1221,208,1060,1131,131,453,260,395,765,2511,589,819,141,451,405,378,1126,419,1376,1055,1506,1590,376,2183,223,134,518,196,499,1099,847,1340,206,1403,700,883,450,1155,623,276,658,283,174,1195,359,280,194,311,2553,353,442,220,650,323,293,719,420,224,574,623,470,1312,850,497,1124,341,377,1314,352,361,154,588,1188,214,1228,243,390,574,649,573,737,781,21,283,575,284,479,87,1122,563,229,989,733,682,434,123,840,761,283,832,872,338,682,1035,506,177,458,909,471,920,263,540,883,306,803,440,451,177,1127,91,1485,418,1024,1289,217,233,480,670,684,184,2161,1123,537,1086,719,827,267,850,650,419,217,302,364,341,1712,1818,435,323,1050,2476,626,685,302,261,195,558,402,246,537,383,696,175,2943,745,298,1622,991,222,972,527,959,989,424,655,307,334,627,237,942,819,324,1769,1090,279,186,330,417,741,163,526,703,377,1113,353,366,657,735,464,712,577,672,192,812,907,969,1177,1280,164,720,619,851,1015,761,645,248,657,716,539,375,990,339,205,565,196,254,257,675,1041,955,809,215,207,737,272,852,1255,574,235,624,276,270,347,346,855,3328,582,798,748,191,827,896,884,804,418,1147,1914,348,459,481,637,172,353,471,411,65,275,1355,939,848,352,334,1384,694,443,822,150,496,516,301,433,175,1058,829,720,784,301,327,248,327,1094,416,389,1788,1263,694,740,312,160,553,518,603,664,417,559,291,122,276,567,763,776,945,1314,454,764,1435,755,407,152,1718,557,448,328,2396,388,3503,747,947,968,1936,1867,271,655,359,208,244,1068,419,464,186,787,560,907,211,782,514,925,214,555,414,733,204,502,503,1020,1298,841,995,181,993,239,534,838,378,246,606,309,230,223,256,210,297,565,273,1019,434,636,439,1501,1418,824,886,474,671,377,688,505,1373,690,612,416,530,44,224,381,388,489,494,578,298,283,151,58,552,389,756,1477,469,484,1486,1852,825,122,651,541,660,950,381,1376,501,1098,452,858,274,236,1937,290,547,2166,200,543,481,273,491,492,681,142,228,1355,405,789,265,251,1009,479,2072,136,1050,349,424,441,877,509,977,546,1261,1310,231,584,567,952,324,649,488,620,552,398,346,632,411,450,163,893,177,254,697,508,280,933,1307,1268,584,1071,449,1094,412,1112,300,277,344,1000,215,710,454,777,370,685,667,319,246,393,554,366,553,387,664,1052,1318,650,619,263,116,1478,306,920,608,677,635,128,630,771,2009,584,528,1012,1937,183,905,287,222,508,465,364,209,1031,738,1258,178,97,948,156,581,811,692,484,455,297,420,2375,1523,545,355,886,212,476,534,350,833,170,654,1434,600,1378,271,1725,1629,804,309,346,929,1554,1607,448,1817,401,378,417,658,899,248,307,229,2061,781,680,303,211,1167,1483,206,462,1073,186,291,211,263,541,1277,731,823,936,270,506,634,347,462,178,161,620,198,451,439,238,270,423,325,704,407,1621,289,378,398,936,273,307,1959,484,441,172,230,300,510,901,1358,386,535,798,897,297,553,688,1631,354,493,986,711,1750,432,542,370,935,621,192,652,798,351,457,762,727,514,1991,439,944,165,386,696,133,623,295,842,741,883,331,774,199,1532,358,193,772,608,898,598,927,867,73,207,451,467,332,1161,223,720,438,868,252,230,912,177,585,196,259,181,161,364,538,495,2034,176,162,674,756,1171,305,1046,678,1459,564,322,494,1042,795,246,1474,657,863,945,1231,670,285,309,334,558,900,760,481,628,489,457,633,249,360,147,274,246,203,331,256,230,809,579,1950,348,1558,857,913,581,490,691,494,244,403,162,535,233,674,213,188,492,294,1762,261,276,415,819,422,957,434,571,984,621,736,169,344,186,130,236,1517,379,1387,118,530,269,238,368,567,511,443,175,782,284,502,1864,1641,152,943,2227,2051,831,855,1570,921,632,597,421,731,265,654,293,1099,664,619,693,357,1258,175,1572,239,292,1426,853,1600,366,275,421,1064,813,749,274,295,470,48,62,175,481,492,885,527,316,222,295,794,641,309,1649,1179,664,414,1075,1368,1277,830,1095,1872,377,763,317,645,430,604,402,595,416,312,252,469,549,677,1622,233,170,641,483,501,331,881,759,303,226,378,437,360,939,117,750,442,267,1029,274,503,453,365,592,505,426,1452,523,234,600,1758,1982,554,920,130,918,858,846,200,1966,917,673,606,873,310,278,728,533,818,716,1107,431,1088,302,299,1630,503,1093,366,730,755,473,385,632,918,297,553,216,1565,1266,658,257,374,260,196,499,432,551,2214,185,642,495,187,3510,203,612,304,396,773,161,1358,540,205,208,14,1088,259,536,515,315,440,444,1252,254,745,1849,1086,590,686,1507,409,845,510,564,709,567,1374,293,433,2609,730,876,349,512,230,228,240,252,273,485,834,357,1291,695,648,1247,752,172,1042,476,1322,690,1030,262,453,669,442,535,405,596,266,826,409,214,189,227,316,888,1678,634,618,420,472,673,441,788,1130,681,183,358,313,918,660,881,672,1159,226,1612,1343,344,566,480,473,571,612,1404,261,293,1385,462,161,958,1024,343,212,598,1142,1137,794,807,458,1027,391,545,193,193,1252,287,167,318,1234,252,636,1259,456,1115,348,1636,480,432,383,996,930,306,857,843,726,467,1225,1067,1533,916,1263,447,614,262,760,965,267,445,253,754,710,797,883,295,365,563,466,595,418,1045,225,619,742,190,556,895,702,278,395,804,354,415,299,640,932,340,706,400,945,922,1555,345,399,1435,241,1333,618,247,235,965,1370,384,234,704,497,1550,772,280,679,242,476,183,1410,426,203,599,544,888,1104,1351,228,205,673,203,793,583,304,511,640,669,625,1617,1364,1226,745,1129,1078,280,203,330,341,455,2006,273,391,572,1496,923,355,1985,215,1433,613,271,125,960,210,469,419,391,690,287,1308,465,462,597,505,567,243,221,228,2339,47,308,437,318,370,298,565,443,641,224,664,445,575,1188,651,299,1016,850,530,295,813,319,783,218,314,881,1031,107,455,649,478,366,649,374,604,507,357,204,338,2383,433,479,1136,2390,738,1187,586,255,956,348,792,379,269,454,317,500,884,269,2340,556,500,906,1093,1372,823,192,204,177,211,564,516,289,988,272,814,267,574,240,487,271,278,1422,2180,698,900,211,435,387,1215,274,410,266,216,1092,339,720,175,771,1021,260,957,184,469,1515,1088,1757,689,359,457,202,575,3017,423,327,256,580,372,317,294,946,244,223,410,170,474,291,497,294,1213,939,582,257,614,228,1203,642,975,538,152,1466,249,826,387,887,314,373,189,1130,587,291,338,164,255,576,362,399,487,202,1162,753,1063,296,392,403,131,554,857,234,956,381,348,1137,939,340,346,350,497,164,190,277,491,390,434,112,468,806,558,656,626,545,293,327,148,149,736,1009,1147,1514,369,174,382,1587,300,561,347,527,243,530,320,262,180,1149,328,275,926,213,290,311,2693,1189,528,471,639,432,297,1054,206,555,328,610,185,352,1273,658,397,238,167,673,1148,191,401,256,586,200,518,366,2333,794,1292,529,391,294,944,304,392,256,1281,628,489,317,384,638,340,282,455,493,264,165,295,201,506,691,749,838,743,649,1717,659,765,1282,884,366,344,348,864,663,503,685,631,1516,666,617,363,316,1061,603,508,494,387,1124,1299,338,1860,464,403,453,348,691,961,1162,1113,1196,1168,314,1649,535,607,235,336,667,1093,190,425,405,1793,801,665,867,704,288,137,681,240,214,369,825,1212,587,676,676,288,1026,361,1113,388,1059,907,688,222,686,39,1084,667,795,482,483,1227,230,177,313,266,354,204,2214,484,940,192,412,462,357,865,183,411,46,593,720,587,269,278,1428,560,1430,188,113,1594,1731,484,864,877,874,722,128,318,351,355,275,610,306,271,885,252,974,762,304,1133,616,1362,579,1848,680,741,588,770,343,561,1303,639,1017,883,1190,316,863,423,1327,239,590,583,892,678,423,212,558,1388,276,358,1135,1191,729,1158,215,441,738,660,718,225,749,718,297,596,809,223,346,132,2082,397,374,866,462,641,235,195,438,324,326,314,802,602,293,870,1616,424,294,422,1001,1099,1210,193,273,317,1816,584,495,2177,249,1105,279,822,113,780,488,552,1213,681,1422,267,646,258,620,268,754,457,183,1072,377,598,453,487,225,296,534,1205,733,333,742,1540,1211,896,595,1065,803,470,257,288,214,393,335,419,1245,391,342,447,746,516,291,1620,268,386,589,1095,462,160,1654,193,1780,688,835,824,431,614,240,191,336,903,536,392,343,788,466,1633,977,524,777,311,855,886,609,822,666,1411,287,632,1754,183,805,742,2105,587,221,1451,903,316,244,315,657,567,223,357,288,1102,785,565,397,824,1219,204,588,996,391,433,872,2856,724,509,208,262,577,229,363,947,341,616,518,452,470,411,443,1417,414,666,725,172,646,267,464,937,356,226,801,1061,1168,1213,427,276,1099,710,531,3827,566,437,386,801,862,469,410,1600,327,376,479,584,245,493,183,149,530,348,528,727,184,241,666,528,566,950,581,362,365,601,928,453,528,327,376,565,382,415,668,561,403,1432,365,606,827,1021,508,991,875,684,801,377,589,361,587,372,448,275,407,980,1011,423,2059,796,661,381,614,583,300,416,495,1435,103,212,1121,570,296,165,465,238,654,558,489,800,308,1239,648,705,667,761,236,441,532,653,649,220,254,500,356,164,250,811,716,231,963,463,839,794,464,470,142,615,329,1476,841,428,523,628,1564,368,258,278,1180,168,469,307,471,270,444,510,537,606,373,1217,898,239,369,475,659,359,208,427,783,309,1460,268,240,1290,439,576,696,180,274,814,893,280,505,374,390,550,1275,411,997,2094,1492,664,346,315,523,516,413,499,289,865,778,268,338,464,499,624,344,601,1306,709,422,516,814,455,397,1286,197,561,202,441,464,1796,690,928,794,500,2458,1210,1007,862,367,830,307,327,220,112,725,213,512,347,1125,1478,1260,628,1221,645,406,1487,542,279,406,1387,491,628,845,236,1327,540,394,1678,1491,485,344,145,832,814,704,254,528,674,67,208,1704,238,193,408,340,106,494,535,661,203,1495,590,923,488,1293,310,375,231,822,2455,1103,448,439,542,312,358,380,348,717,643,483,650,968,261,239,213,674,203,368,978,422,464,1931,778,569,412,1003,358,1075,309,566,216,533,210,459,207,294,475,252,797,582,233,1531,1514,934,797,469,294,1481,1109,313,807,333,1212,416,560,211,313,648,2605,1029,798,668,822,858,1108,828,578,403,907,751,221,350,2291,478,203,213,351,2148,462,564,472,737,570,2725,968,1301,420,399,144,796,230,317,361,997,442,423,1937,104,867,273,401,647,945,470,195,273,187,691,791,1231,585,172,1399,913,1115,673,169,732,334,385,371,159,1057,426,289,1314,832,191,349,702,746,573,341,227,916,373,380,1523,383,394,704,274,284,532,321,716,387,379,932,591,134,311,874,864,1050,273,416,550,167,1147,229,81,830,1026,310,502,184,516,1831,509,489,676,295,664,793,667,889,888,262,196,625,392,209,387,665,512,576,1225,331,179,355,379,629,477,226,191,867,1294,756,922,908,1947,562,585,429,284,768,500,316,1160,238,334,259,637,1528,675,198,209,113,599,216,263,165,1232,101,1006,377,991,761,301,644,287,413,450,193,336,620,846,436,312,203,1146,423,335,249,843,598,305,1176,841,381,792,361,435,233,2036,1008,191,834,508,2407,596,439,223,297,630,383,539,724,1192,999,139,253,292,398,520,1016,1069,387,590,145,575,802,377,242,633,315,655,389,221,926,513,418,698,977,309,612,453,201,1474,903,141,672,1642,144,265,378,686,612,262,697,314,571,1122,640,864,356,439,901,901,1412,852,697,255,373,275,297,182,532,689,1159,343,497,160,441,1355,972,500,454,1520,1838,923,510,1546,485,269,226,103,879,592,189,455,345,1020,605,687,966,1251,774,365,503,978,1331,712,220,808,487,803,225,1035,527,118,500,242,284,350,535,454,262,365,1365,158,318,510,890,512,245,281,332,648,214,1355,414,393,625,676,1512,677,783,533,606,470,453,401,512,509,1295,347,900,218,1099,951,580,462,247,543,741,406,372,952,314,470,532,329,205,213,526,285,534,144,1122,282,197,871,290,357,407,524,520,1106,246,330,543,1039,239,164,292,602,1285,164,296,1017,707,353,592,264,190,505,156,195,1425,122,219,432,460,705,1697,392,72,249,1181,1859,206,155,298,468,383,1163,346,412,676,533,563,603,689,453,269,490,174,567,473,230,186,879,520,1801,623,500,406,210,248,380,163,1464,203,2823,692,565,209,461,143,418,845,756,271,913,3450,562,755,313,755,410,455,587,740,553,1334,412,638,249,732,400,418,839,194,351,963,598,1002,1348,163,523,4,326,461,959,1021,1659,517,761,666,555,186,338,543,256,157,218,270,612,369,441,512,833,428,981,364,975,942,195,882,1402,464,542,423,306,331,1201,537,1198,307,538,459,432,294,837,527,324,1152,1268,714,554,373,455,283,260,807,144,838,402,121,233,379,866,392,1395,592,275,225,807,330,1201,366,448,1350,1836,262,317,1054,320,965,544,306,726,514,772,309,282,681,212,865,266,359,237,227,591,356,766,1295,617,416,522,670,649,205,259,241,773,555,361,474,604,195,411,317,373,289,512,516,726,385,357,191,218,1926,785,482,868,708,1308,715,635,1228,685,373,207,300,245,367,345,793,284,568
17_NF1,2700,6612,3630,2929,3984,4258,2651,2094,3248,4916,2762,1223,8035,3548,6158,4090,8830,2226,3050,1809,7002,7731,1775,5950,6348,1784,3761,1540,3067,4006,10431,3199,2649,1311,2975,3307,2391,4719,2499,7249,6262,8119,9545,2592,12161,1958,1562,5138,2286,2785,6816,4251,7028,1349,6523,4242,4500,1567,6575,3991,2868,4857,5121,1605,11812,1926,2255,2531,2793,14937,2564,3448,1442,5594,2529,3642,4832,3290,2064,4584,3776,1497,6114,5182,2962,4694,1850,2124,7430,3730,1794,1491,3707,9647,2783,6068,1345,2220,4665,2377,3291,4701,3975,2861,1463,2689,1963,2696,1961,4379,5322,1670,9392,5519,3237,6503,1384,5245,4342,1898,6460,4756,2939,3914,4680,2720,1387,2592,10273,3174,7482,1486,4565,4734,2201,4991,2672,2698,1547,6842,2033,6864,2835,4166,7996,1138,1459,2016,3456,2899,1116,13159,6139,3469,7650,3180,4236,1722,5337,4036,2679,1230,1424,3133,2162,11670,6758,3046,2259,3769,13453,3419,4110,2063,1490,3192,2337,1618,2145,2035,4697,6408,1216,16128,2475,3081,10042,4725,2403,4104,2663,5844,4565,2952,5011,3131,2152,3104,1348,12089,6605,3291,14397,6120,1157,2519,22,2840,3928,1019,4620,5640,1906,8967,1722,4773,4377,5883,2980,3136,2845,7840,2006,5586,4854,6687,5052,10101,1391,4686,3530,6225,4733,4607,3768,2480,5313,2245,5477,2405,5931,1822,2228,2751,2766,1813,1924,4157,6084,6592,4163,1797,1856,3305,3510,4355,5141,3500,1348,2904,2647,1616,2837,2376,6248,22254,3601,5226,3855,1823,7750,5860,4386,3193,2406,5222,14767,2845,2721,3498,4192,1655,1875,3163,2922,3038,2278,7050,11683,5534,2967,2760,6455,4000,6002,5168,1591,6199,4135,1520,1751,2596,5837,4308,5684,3139,1733,1569,2414,2651,5665,3186,2407,8185,6872,3948,8001,1749,2037,3326,4188,3161,4247,3002,4686,1909,1327,2349,3063,3624,4776,6961,9342,1625,5234,6166,2899,3433,2583,10022,3680,2462,1742,10314,2149,18232,3751,4750,5632,10211,10928,2002,3003,5320,2403,1524,6681,2284,3327,2264,4887,5723,4299,1401,5283,5682,7249,1861,2763,3212,3868,1837,2705,4179,6795,5282,5182,4110,1988,3472,1728,4006,3836,1850,1735,4822,4890,2123,1433,2415,1600,2025,6387,2032,9330,3641,4753,2463,7900,6410,4150,5474,3109,3998,2299,4949,5331,9097,3959,3223,2267,3407,2408,1615,2068,2401,2856,2890,4875,3064,2508,1395,2027,3354,4397,4041,8086,3002,3074,7236,12801,5791,1356,3350,3377,5514,4818,2631,6275,3869,4583,2412,5953,2317,1813,13639,2560,2749,13536,1503,5941,2661,1937,3471,4106,6090,1827,2091,4848,3102,4952,2377,2437,5752,3614,11330,1556,7042,1881,2746,3200,3814,2749,5560,2885,7211,8151,2486,3299,3466,5516,2619,3472,3561,5745,3842,3044,2884,3850,4017,2299,1446,5967,2085,1751,4357,4128,2873,5132,6107,8185,4094,5603,3646,5119,2847,5588,2382,1657,1646,8563,1746,3292,3025,3207,2271,3927,4262,2973,1668,3270,3066,1764,3406,2703,3953,5913,7506,5084,4263,1969,4468,11029,2348,5265,4157,4554,5155,1769,5581,4977,9445,4243,2429,5582,7807,3715,7497,1542,1843,3917,3138,2954,1760,5297,4863,7044,2315,1347,5540,1366,5593,3972,2990,4496,2143,2032,1838,13989,5705,3231,2330,5299,1741,5005,6033,2123,2710,1929,3382,5720,4768,6930,1521,10842,7849,6002,2071,2696,4935,8013,14123,2776,10383,2095,1634,2104,6793,4475,1365,1841,1636,10147,4027,5527,2971,904,5141,6903,1084,4028,5745,1725,2776,1787,1545,2803,9565,4980,3153,4054,1866,2564,3638,2768,2560,5829,1301,3425,1751,3366,2381,1644,2354,2986,3125,4203,3243,10055,1984,5720,2728,7834,1596,3894,6952,2799,5037,1710,1704,2788,3484,7553,7436,3158,1860,1750,8981,1812,3407,2996,11028,1627,4985,4895,4075,7710,1900,4649,3265,6134,2834,1620,4019,3429,2048,2000,7265,5598,4137,10837,4136,5133,1353,5121,3818,2069,4092,2477,3369,4399,4388,6057,6105,1620,8767,2133,1652,6665,4397,5946,2977,3960,4846,2328,2452,4020,3047,3633,9111,1979,5976,2792,5512,1420,1949,5714,1514,3022,1588,2291,1555,1983,3414,3587,2489,9875,1497,1503,3998,5065,5513,3227,5632,5195,7083,3574,2436,2432,6184,6923,1523,11620,6700,3734,5999,5542,5719,1858,2357,1683,4087,6240,5406,4419,3087,3578,2148,4936,1678,2204,1911,2518,1406,2657,2554,1738,1396,5328,4739,11548,2189,8602,5918,5090,3348,2925,4999,1693,1665,2315,1953,3649,1561,5771,1585,1643,3578,1801,7667,2604,1538,2467,5594,3355,6176,3730,4064,4261,4029,4399,1411,2104,6791,1104,1098,6929,3554,8607,1440,1375,2335,1916,2167,2816,3473,3338,1911,3603,1781,3461,9767,8240,2014,4922,13949,12172,6126,4755,8021,5152,3699,2679,1855,4057,2343,4537,2181,5243,2633,3703,3464,1370,7295,1170,8130,1621,1664,9138,5882,7229,3425,2318,1889,5967,4768,4228,3120,1924,1770,3115,1766,2002,2964,2997,3685,3346,2192,2811,2375,4310,3891,2030,7756,7063,3921,2275,7658,7613,8843,6216,4929,10252,2721,7038,2737,3151,3523,3878,6470,4710,3391,1058,2363,4241,3618,5617,8731,2747,1398,3765,3959,3680,1776,4509,3647,1990,2639,2094,2257,2646,4523,1619,3895,3190,2188,8270,3393,3268,5780,3823,3280,2963,3785,8865,3003,2023,4281,9862,11488,4010,6333,1034,5484,3702,6606,1320,8216,5814,4947,5119,5501,1495,1883,4658,3202,5250,3126,7232,2126,5260,2057,1920,10761,2827,7022,2427,4060,4680,2184,2697,5116,5807,1251,3707,1975,9464,8067,2213,2548,2035,3778,1395,5712,2831,4537,11025,1631,3770,1785,1869,17025,1634,2814,2992,2337,4597,2418,4932,3355,1801,1655,1339,6249,2949,3235,2100,1833,3967,2222,4711,2846,4089,8042,4801,2594,5169,8080,3405,8257,2894,2307,3865,3862,7097,2092,2510,13709,4129,5121,2212,2794,2012,2554,2355,1554,2966,2623,4131,3226,5527,3328,3835,4389,4089,1375,3927,2294,7881,3065,6484,1988,2670,3168,3254,1968,2226,2002,2245,6180,3514,2339,1899,2439,2314,6435,12751,3588,2721,2247,3757,3914,1489,5600,5771,3437,1955,2055,2140,6765,3457,7436,4344,4236,3558,9426,6249,2719,3307,2979,2835,4480,3298,7571,2206,1533,8888,3344,3133,7224,5770,3159,2144,5547,4647,5378,5278,5643,2555,3921,1730,1761,1524,1538,5892,1645,1669,1040,5109,1706,3007,6589,2525,5636,2619,7688,2719,3449,3187,7272,6795,2074,3745,5333,2591,3008,5061,6806,9767,7847,8374,2926,2862,2190,5631,6628,1671,1776,1359,3903,3564,4432,5800,1719,2907,2839,2715,4054,2784,8108,2122,3292,3911,1594,2826,5972,3728,1308,1017,3245,2311,1502,3040,3672,6930,1459,4276,2478,3191,6206,8147,1550,3561,7232,2463,9111,4212,2473,2757,4530,6439,2139,1323,3887,4322,7200,3561,2001,4980,1312,2857,1699,5097,2452,2872,4858,4927,4876,4433,7769,1789,2184,5545,1867,4525,4652,1491,3236,5353,3082,3383,12061,8680,5772,3638,6016,7956,2257,1573,1160,2252,2645,11307,1222,1842,2951,11453,5346,2215,10014,1484,5741,2824,1743,1790,5639,1348,4545,3780,1370,3152,1525,6752,2854,2779,3567,3690,3474,1825,1432,1843,10377,3178,2763,2269,1640,2101,4702,2625,3787,4670,1573,3871,2910,2696,4424,4542,2002,5069,2922,2492,4034,5091,1583,6165,2137,1574,8419,5568,1868,2305,2953,3184,4615,2323,1981,3230,2777,1593,4066,2119,10587,2015,4740,5569,8243,4901,7881,5411,1569,4470,2297,4232,1773,1751,3545,1429,4281,7065,1871,9964,4452,3026,7408,5533,9776,7662,1690,1612,1524,1917,3242,4089,2582,4463,3247,4288,2510,3695,1742,5118,1430,1631,7800,12352,3589,4758,1365,1913,2319,6623,1886,2241,2140,1593,5094,1417,3423,1573,5128,4445,1551,4924,1672,2497,9000,11174,9396,3846,2234,2160,1680,4688,17084,3237,3271,2028,3062,2740,2703,2176,6570,1857,1977,3077,1467,4411,1527,2929,4858,9254,4187,3962,1660,5871,1994,5836,3283,6056,3700,1977,6830,1897,4208,1357,4425,1771,5815,1310,7296,3212,1525,2379,1649,1265,4176,2155,2371,2279,2280,6381,4227,4631,1511,2677,5186,1875,5450,5714,1600,5680,2222,2321,5961,6025,2073,2068,3140,5556,2023,1682,1510,2504,2691,5278,1259,2146,5192,4488,3355,4316,4082,3195,1889,1533,1510,4125,5418,7063,7801,2127,3092,2570,11871,1857,2267,2650,4305,1839,3546,1844,2796,1738,5662,2070,1552,5745,1568,2190,2610,13643,9058,4238,3565,4947,2641,1619,6257,1469,2568,2347,3900,2215,2978,6973,4953,1679,2648,1901,4910,6004,1501,4984,2081,4700,1193,3382,2755,16218,5477,5530,4115,3075,4530,6570,3964,2794,1939,5667,3170,4890,1287,3329,3247,1981,2936,2243,2452,1900,1654,2222,3119,3030,2394,5163,3988,4167,2941,8867,3912,2575,4964,5810,2401,1806,5629,9211,3192,2831,4991,4721,6040,3612,1902,2714,1892,5215,3602,3914,4610,4963,6726,5141,1820,10983,2764,4563,3332,3099,5294,4341,8254,5737,7488,6720,2106,8299,5419,3202,1684,2065,4554,3672,1681,2735,2778,11942,6044,3189,2045,2924,1693,1803,2237,1719,2166,2487,6751,5900,3403,3182,4005,1974,4331,1814,7230,1873,5445,4622,4996,2012,5151,4424,8504,3839,4738,3766,2899,7520,2061,1008,2648,1297,2838,1282,13235,3069,7361,5022,4113,3837,2582,6826,2122,2754,1611,3739,3072,4092,1363,1467,5749,3209,5148,1522,3052,8335,12833,3653,5156,6916,5096,3177,1442,2738,2040,4257,5542,3262,1933,1921,5668,2249,5442,3994,1719,6794,2906,8651,3275,13212,5561,5126,4251,5285,2796,3406,7547,2175,6327,4590,12123,2366,6785,3397,5616,3960,3405,3464,6464,3915,1786,2339,3128,7925,3144,3128,7948,7391,5185,9564,1955,3659,6572,3431,3748,1882,3678,3290,1607,2972,7058,1437,2265,2297,12326,2902,2413,4370,3902,4920,1484,1264,1877,3044,1489,5833,5619,4461,2838,3963,13358,3015,2230,2221,3045,7047,6570,1536,1585,2117,9312,3985,2832,13358,2324,5901,1417,4638,2418,2864,3953,2438,7505,5151,9545,3198,5282,3725,2437,2330,3803,2795,2637,8682,1948,7443,2134,4522,3194,2032,4594,8127,3035,2308,5636,8224,7055,8589,3002,5034,4429,5074,1875,2567,1396,2540,3725,2735,7479,2215,1526,1225,5099,3682,1974,8259,1831,2693,2548,7307,2535,1780,8720,2974,10685,2871,4990,5509,2719,3029,3236,1614,2335,6846,2445,2027,2573,4223,3453,7463,6806,5204,4871,1884,4979,4509,2815,4630,4269,10909,1336,4732,9125,1537,5242,3734,8178,3393,2115,8874,5648,1772,1115,2017,4904,4102,2188,2115,1499,5490,5996,2822,2622,5566,7650,1572,5368,5094,2989,3162,4767,9691,5992,1949,2331,2020,3954,2110,2617,4801,2725,4852,3654,3179,3962,2579,2784,7978,2218,4602,4535,1367,3682,1821,3571,3866,3257,1798,4268,6437,6938,5018,3000,1466,4745,4226,4034,20805,3211,2872,3147,5534,4457,3777,3307,12066,1623,3358,3290,3341,1537,2129,1385,2395,4014,5499,3172,2412,2128,1619,6542,5573,2993,5607,3900,2392,2570,2735,6359,5322,4461,2362,2991,5233,1834,4586,4801,5258,3185,6083,2993,5616,6512,4334,3548,6183,4986,4820,5438,1798,4846,1810,3083,2612,1589,1385,2178,7581,6909,3048,12886,5330,5250,3118,3850,2392,2602,8117,3620,7759,1939,2169,7895,5098,3448,1384,3558,2446,3582,3461,5119,4913,2747,6360,3164,4280,6179,3858,1153,2772,3442,4072,4729,2795,1560,2096,2623,2494,1344,4448,6399,2011,9475,2545,6531,3259,2925,6070,2368,3714,3895,10215,6552,2092,3918,6276,9212,2578,1773,3366,7289,1535,4146,3112,3411,2644,3880,4855,1835,4188,5408,7220,2994,2374,4248,3163,4503,2566,2406,3183,3173,1872,3807,1942,1485,5010,1885,2613,4342,2029,1465,4014,4122,2177,3484,3028,2377,5198,7710,1349,6163,11965,10879,3842,3613,1959,2611,4486,2264,2122,5142,3987,5572,1752,2953,2314,3406,4356,5094,4113,6790,4183,3030,3328,5062,3588,2814,5278,1421,4524,1993,3833,2932,9001,3308,4907,6235,2219,13119,8936,4968,5962,2693,4623,1088,2797,1443,1842,4601,1650,2766,3016,5158,7593,7034,3608,7860,4517,1737,4406,3199,2076,1856,6645,3908,3145,5389,1774,7295,3911,4151,10257,11747,3168,2033,1544,7115,5602,3403,2592,2863,3342,3623,3954,10166,1477,2354,2548,1531,1925,4641,7144,3500,1268,9921,3848,9188,2617,7507,2499,2688,1326,5235,10376,8396,4045,4071,4416,2245,2498,4023,2216,6950,5873,2748,4556,7283,2057,3086,1608,4899,1762,2071,5572,3142,6459,7958,4000,2935,4675,5534,3197,6242,2777,3993,2601,4452,1944,3764,1371,2553,3690,2956,5421,1846,1619,8520,7943,3638,6443,2835,1641,8662,5329,1575,4496,1919,5719,2730,3974,2160,4053,3810,13480,5808,6389,5345,2611,4017,7338,5498,4079,2494,5484,4175,1427,2557,12209,2923,1665,1914,1641,11440,1463,4465,3378,7353,3973,15308,5967,4767,1858,2250,2315,5365,1922,1686,2426,4510,2481,3406,7487,1524,3377,2326,2630,2809,5062,4934,1915,2066,1364,4020,5491,9997,3622,1409,7329,3992,7138,4126,1033,6409,1675,1566,5095,2202,4021,3032,4120,7191,4566,1410,1287,4558,4966,5979,1765,1058,4041,3282,2373,10160,1969,2109,4441,2107,2605,5608,3276,3306,3595,2152,5739,4048,1271,1885,7164,5572,3668,1555,5420,2820,1584,7344,1773,1387,4799,5721,1526,2314,1771,3927,8938,6414,4533,3841,3884,3698,4174,2859,3656,5906,1786,1714,2946,2233,1472,2595,6097,3473,2270,5342,2267,1454,3536,1742,3451,3298,2568,1938,5102,4372,5391,3398,4980,11717,3506,3697,2336,3726,6741,3113,2404,8180,1340,1088,2331,3416,8758,3610,2799,4302,1531,3306,1151,1881,1915,7193,1531,4447,3169,9405,4140,11744,4508,2645,1643,3409,1512,2791,3617,4199,3068,2073,1548,6053,2867,2460,4213,5545,5575,2756,5229,4894,2831,3823,2224,2796,1549,8357,8220,1799,3424,3268,12186,3593,4174,1411,1982,3709,3044,3237,4668,5637,5787,1570,2318,1615,3100,3830,6236,4703,2583,4444,1393,3851,5162,3361,1495,3439,2753,3979,1798,1923,4977,4371,2693,3214,6001,1419,2493,2204,1341,5979,4429,2956,3419,7596,2413,2642,2202,4350,4469,1868,4176,1873,1230,5391,3848,4005,2515,4482,5163,5977,6783,5431,5578,2351,1948,1684,2215,1557,3263,6128,7075,3446,1996,1331,3125,13299,4775,3150,2701,10387,5067,3121,3256,7095,2890,1731,1673,1214,7181,4333,2204,2652,2027,7534,2441,6312,7094,6793,4774,1629,3186,6328,7879,3495,1340,3317,4169,3900,2234,6011,3349,1665,2444,2100,1696,2292,2278,1888,1846,1633,6269,1505,4770,2276,9618,4933,1863,2294,2323,3895,1649,7570,3060,1316,4386,4447,9595,6053,4662,8218,3376,4337,2349,2506,3889,1327,6477,2082,4310,2151,5179,4111,2981,2535,1648,3834,4938,1978,1784,5281,2373,3260,2328,2618,3400,1681,2244,690,1864,1338,6137,1827,1497,4765,1795,2441,3708,2515,3957,8061,1525,2099,3512,5062,3348,1573,2321,6128,5515,1607,4570,6015,5661,1791,5062,1329,2385,3960,2149,1527,6468,1610,1586,1697,4418,2628,7553,3449,1317,2369,9331,16117,1763,1961,1944,2372,4259,8285,3397,2493,5323,3153,4542,3807,5239,1940,2100,3528,2488,3406,2148,2175,1682,4397,3031,11571,4632,4599,1873,1619,2069,3238,1261,6715,1920,25343,5310,3546,2101,2514,2150,2791,5205,4666,2560,4737,22385,4932,6161,2664,5132,2536,3121,4559,6448,3981,5776,3004,4756,2263,2854,2146,3965,3701,2056,3149,6497,3493,4542,8565,2247,3714,2655,2697,2322,8109,5763,7739,2318,3201,3890,3515,1873,2702,4130,1910,1189,1695,1897,4046,1959,2402,3192,6107,2739,5290,2410,5641,7331,2249,5158,9251,7851,2940,2931,3556,2483,8416,22,9087,2690,4234,3726,3938,2308,4762,3537,1963,5626,7564,5091,4698,2346,6509,1866,2196,6287,4446,4611,5323,1287,2202,1357,5062,2639,5864,3189,2251,2286,3255,2321,6939,2769,2780,7642,10031,2443,2328,4134,2152,6013,3925,1380,4209,3718,3359,2447,2434,3113,1490,3162,1454,2038,1449,2532,4176,2001,6257,10574,2573,2751,3865,3113,4140,1799,2149,1652,4375,2624,2064,3058,3897,1450,2158,1923,2427,2777,5401,3365,5786,5223,2814,2819,747,9763,5940,2642,5930,2562,7768,5414,2996,3698,3755,2433,1604,3430,1642,2313,2708,4780,2137,4510
17_PPM1D,541,1272,1013,559,651,1159,633,1027,769,1469,765,274,1866,988,1778,596,1587,636,847,573,1027,1239,370,1445,1181,478,783,343,632,1031,1891,881,1094,323,539,866,613,1308,1036,1946,1747,1988,2214,833,2384,440,415,1194,576,441,1235,1094,1648,296,1857,1245,748,532,2141,1062,671,1043,966,410,1666,729,630,625,695,2147,536,652,288,1112,472,974,1213,716,531,987,989,757,1538,1033,778,1324,376,397,1276,837,564,529,753,1802,419,1072,363,486,1222,916,1250,1031,821,603,426,815,873,796,499,1155,962,438,1372,1285,978,1264,548,1460,1191,489,1257,1000,726,968,1497,811,550,994,1668,1405,1961,454,1390,713,458,835,885,856,361,1605,486,1885,537,1170,2205,335,434,445,1229,1232,686,2601,1271,1493,1222,538,986,785,1180,1461,787,432,470,810,419,2393,1121,949,722,1508,2554,829,1070,492,536,740,1151,394,619,625,1198,1036,420,4536,1047,744,3224,1746,619,1392,1142,627,1703,684,640,835,501,1192,270,1750,1816,875,3125,1681,276,624,4,412,621,313,1160,1421,373,1837,561,1337,1020,1549,756,777,783,1783,445,748,1122,1404,1398,1891,354,969,726,950,815,859,990,586,1090,691,775,387,823,611,505,808,792,417,584,1049,1550,1264,798,475,668,815,633,955,1208,679,376,628,782,538,601,646,1137,3131,649,1043,696,753,1225,1490,1048,1225,528,1475,2135,824,648,1151,709,551,381,806,830,695,629,1873,2259,994,821,658,1364,873,1221,867,351,1433,842,492,468,1023,1015,962,1741,806,189,512,570,718,1297,656,857,2172,1262,989,1247,321,415,795,685,598,770,595,1030,365,572,536,818,940,1297,1554,1751,466,827,1395,1086,836,844,1956,843,876,504,2676,477,3896,1213,1490,1227,1824,2407,518,740,721,595,394,1168,230,792,519,1189,947,1360,938,1176,864,1911,726,842,447,886,587,686,757,1593,1084,1140,1528,357,1498,407,979,742,439,519,841,1049,684,582,408,593,165,1529,708,1766,666,1546,705,2463,1416,1678,1204,789,822,407,1127,1274,2048,700,676,618,712,291,632,419,625,685,770,907,485,651,408,492,1022,1143,846,2288,784,679,1366,3195,814,215,775,819,749,1075,779,1422,828,897,794,1153,483,545,2094,646,501,2626,436,1499,780,376,836,1107,1145,380,626,960,736,1325,304,429,1405,433,1698,357,1806,629,624,878,1221,904,1213,704,1863,1942,566,989,992,1925,452,869,979,1324,879,838,451,1260,886,782,419,1039,702,520,856,776,1069,885,1902,1709,982,812,633,1766,755,1335,396,452,625,1081,434,1306,546,1069,690,1672,714,778,406,976,739,431,923,850,1062,1182,1296,1075,1397,401,1237,1818,513,1424,910,1033,831,426,1011,993,1447,844,813,1064,1623,876,1597,384,424,1473,536,559,483,1832,1027,1593,289,396,1216,472,1034,1095,1066,1189,948,569,552,2754,1323,900,577,1057,423,1087,1528,551,698,411,939,1730,1396,1955,396,2471,1611,738,966,672,1545,1512,2452,611,1699,357,435,726,1168,1716,529,317,527,2153,986,1336,559,333,1563,2342,298,772,1624,614,984,457,355,828,1996,1502,714,1155,529,399,903,743,778,1198,410,813,521,845,596,565,789,561,726,1351,794,1809,509,1286,607,1668,411,942,1061,765,1051,344,461,396,781,1265,1550,605,680,493,2170,448,973,949,2503,524,822,1284,1169,1426,487,828,492,2138,1057,469,457,1276,805,567,1224,1080,1354,1556,1307,624,281,1075,1544,515,1189,708,952,1149,1434,1870,1616,494,1597,699,567,1268,1258,927,692,1122,1590,551,509,562,866,1145,1953,409,1291,955,793,397,1067,1108,528,1738,386,489,369,593,620,1313,468,2242,369,395,691,1420,1950,864,1433,1014,1596,1052,587,475,1685,1628,503,3002,1584,1486,1059,1648,1116,809,747,508,1103,1105,813,902,1046,912,588,864,424,515,498,713,375,356,809,532,548,914,1364,1873,710,1781,1406,713,1295,992,1156,558,462,565,475,815,605,1693,299,489,1044,475,1857,703,446,463,884,791,1189,984,1070,1137,1322,1599,370,472,1905,546,454,1443,1065,2199,344,1338,742,324,689,778,634,735,603,938,424,680,2663,1931,458,2129,2440,1498,1325,1857,1768,1583,964,1404,574,1178,587,1531,687,1240,355,575,1127,411,1407,444,2185,426,284,1688,1117,1507,802,647,522,1151,1217,740,729,481,703,572,596,463,838,650,614,1171,682,614,532,692,702,510,1593,1861,620,523,1803,1383,1348,1066,1878,1962,813,1251,645,668,813,729,1551,658,622,685,475,1253,762,1133,1796,634,407,679,1070,580,594,1282,977,545,570,692,795,744,1366,449,930,679,203,2021,487,711,1328,1238,604,882,766,1942,841,491,1354,2026,1480,811,1504,325,1034,1027,1241,562,1904,1239,1182,997,956,456,429,878,791,720,569,2513,837,1421,314,450,1738,560,1694,649,1264,843,455,856,1108,1546,448,1423,215,1980,1445,747,768,412,548,481,1062,1052,1159,2339,459,1201,766,486,2759,265,921,1037,555,1074,520,1182,846,449,464,557,1887,731,778,1166,715,573,570,1061,575,1164,1813,1218,584,971,2352,561,2224,1126,987,1163,965,791,456,607,3341,1098,1129,489,576,485,423,535,408,675,680,1222,922,1208,533,1254,1420,1176,590,1153,875,1207,1052,1653,540,561,395,753,928,588,901,363,1350,839,528,345,583,431,1325,3458,740,598,542,636,1103,546,1104,1474,898,425,541,613,2074,361,966,803,1426,708,1521,1463,699,658,744,723,954,724,1318,704,539,1559,649,732,1484,1917,679,5,990,1599,1688,1177,1208,831,1611,616,797,250,358,1058,460,402,494,1358,470,934,2216,735,1505,511,1245,488,898,650,1654,1929,597,1416,1160,1051,752,1218,1156,1930,1498,1143,702,1614,536,1072,936,402,433,436,1282,942,1134,1332,416,1059,1108,666,878,928,1291,665,1198,1165,608,963,1265,1385,164,366,954,846,442,727,1180,1105,631,868,715,1223,1270,1076,717,974,2138,752,1948,1105,495,707,962,1540,771,340,1112,828,1943,1186,550,830,548,769,543,942,807,863,949,1200,1381,1502,1722,639,516,1360,339,1537,1223,306,694,1279,915,815,1814,1873,2035,1174,1493,2367,330,499,680,675,833,1913,314,366,687,1909,1446,553,1912,403,1753,689,420,442,920,530,1062,865,561,867,280,1838,911,560,654,905,798,395,596,737,2032,747,651,835,596,396,1206,1270,1583,809,402,1095,592,839,1673,1339,461,1307,731,450,1029,1415,639,1128,409,390,1725,1161,586,579,881,650,772,729,503,1325,583,777,789,682,2523,648,1350,1215,1744,1248,1892,1112,480,1009,860,778,755,583,794,413,1029,1783,300,2452,1429,731,1558,1474,1802,1549,304,410,431,450,837,1460,857,1169,685,1033,722,1051,507,1102,427,358,1329,2306,1312,1133,341,267,828,1741,168,429,512,374,2099,443,633,340,1157,1292,462,1049,356,694,1770,2244,1490,885,611,531,356,808,3403,675,634,402,836,661,689,639,1874,589,663,838,344,808,622,357,819,1937,1365,1083,429,1170,517,1213,867,1718,864,564,2444,457,787,437,1403,477,1629,235,1811,1182,397,886,324,428,1012,400,406,953,515,1631,919,1213,284,611,1177,501,987,1190,400,1349,936,554,1722,841,717,474,915,1189,364,524,302,780,785,1086,504,673,889,891,778,1097,932,792,197,374,726,1145,1798,2496,1902,389,623,753,2178,631,669,742,934,568,896,448,527,301,967,812,503,1677,499,389,673,2168,2319,1018,975,897,872,746,1523,522,941,694,932,489,633,1687,20,495,731,500,1381,1453,382,1190,372,1214,452,742,742,3099,789,1562,893,1050,1289,1564,772,585,427,1781,492,1164,721,544,985,467,702,632,919,652,315,379,775,642,1180,1150,1198,1301,1086,1627,680,841,1372,1607,876,520,665,1942,718,898,1448,1079,1595,873,732,927,377,1289,484,990,734,1814,1740,1958,539,2600,847,879,774,564,493,534,2134,1729,2014,1903,537,1949,1376,1015,483,676,952,694,381,649,1005,1398,1430,839,786,414,652,355,1049,543,513,746,1532,1067,997,981,1059,514,610,484,1799,601,1052,1048,1297,405,948,1184,1730,1273,1514,934,583,1343,449,312,652,391,770,518,2121,802,1434,1096,743,621,457,1476,707,593,626,929,653,725,23,553,1323,1000,1043,372,548,1400,2308,893,1059,1158,1122,966,478,542,453,762,1094,898,445,699,1880,84,1128,1314,368,1580,984,1453,1367,1968,1107,1342,1030,866,706,1313,1341,966,1352,995,2753,499,1427,554,1421,734,812,876,1253,1025,1006,505,804,1510,743,479,1389,1380,962,1661,318,603,2166,476,801,399,1343,830,350,824,1264,416,505,837,1275,436,520,691,1168,1200,678,416,638,791,295,1159,945,1006,546,1199,2253,648,444,678,1375,1395,1343,378,381,477,1657,549,996,2688,558,1673,467,687,473,1293,804,848,1439,735,1835,558,1144,594,714,539,746,612,622,1572,645,943,510,895,400,502,1067,1622,909,450,946,1702,1392,1518,831,1007,1028,1119,499,881,295,860,744,807,1660,320,496,756,1196,979,701,1691,780,901,992,2215,673,711,2274,999,2123,1043,1060,993,860,715,659,373,1231,1445,436,557,436,1295,1007,2039,1484,526,1161,260,1363,1429,902,575,1499,1818,488,1404,1941,500,1096,1352,2072,869,496,1349,1434,654,313,363,1117,648,380,457,494,1288,762,849,543,1289,852,395,1588,1434,682,684,911,1955,1097,891,904,761,473,476,722,1547,445,920,1148,654,1154,397,676,2228,506,955,757,312,816,410,911,1449,595,320,918,1465,1119,1538,618,162,1035,854,707,3606,784,685,681,1405,983,1175,722,3132,135,798,743,843,391,894,311,323,1144,1620,740,712,565,514,1341,1266,689,900,851,571,448,650,1164,813,1069,721,547,1157,792,832,1278,1151,1064,1961,906,970,1778,1429,793,844,873,945,1111,478,629,555,336,462,463,287,730,1745,1809,514,3139,1052,1022,755,624,1145,829,1539,548,1669,374,447,1894,1270,814,477,850,451,761,754,1074,1266,476,1636,1151,1091,1833,1107,337,733,1216,1093,784,355,526,566,772,585,362,1321,855,420,1950,790,1997,1682,861,1791,659,809,456,1313,1704,587,1029,1823,1602,518,682,925,1160,272,981,359,792,587,641,1158,796,840,1629,1177,492,583,829,524,1340,568,446,838,1030,340,2103,333,461,1132,645,578,790,310,316,656,678,798,844,791,728,1042,1955,576,1753,1907,1694,840,836,349,932,1037,527,561,690,1261,1550,470,640,769,708,655,813,627,1581,1134,671,680,758,715,626,1407,324,993,793,860,555,2037,1226,1049,1745,596,2745,2004,857,1133,878,1468,362,581,451,454,1317,454,997,411,1220,1255,1370,922,2920,1116,567,1393,1400,357,658,1547,1397,922,1266,520,1944,981,1063,2230,2669,692,853,506,1469,889,1494,582,771,908,723,1375,2250,803,543,771,416,503,828,1315,792,157,1529,1081,1318,1009,1471,486,786,301,1090,2827,2141,823,1005,769,489,1039,991,832,1625,1103,952,1104,1021,439,640,669,1415,369,679,1780,656,997,1686,785,947,792,1303,517,983,629,520,505,1057,543,742,357,688,831,532,921,783,218,1713,2290,1754,1030,861,561,2319,1314,610,830,399,1086,777,1205,456,810,888,3091,1049,1386,1024,702,1457,1776,1546,949,554,992,1166,624,453,1948,529,520,421,434,2149,440,1158,633,1485,420,3265,1371,1857,830,737,487,1166,641,479,768,1570,967,772,1917,413,1259,508,621,731,1028,1150,474,575,301,994,1227,1320,869,370,1329,1496,1260,1182,313,1045,540,603,984,501,1207,639,712,2162,1080,448,275,939,913,2164,577,476,1487,1152,669,1901,968,290,795,434,584,1057,852,589,861,420,1250,964,378,454,1250,748,673,348,1219,553,560,1240,395,618,949,1642,533,676,380,742,2382,1067,925,1148,1380,831,824,846,1274,1428,349,339,965,521,270,524,1148,804,875,1455,490,359,1083,738,941,866,612,487,1208,1359,1230,1189,1272,2781,747,999,1215,644,1311,880,670,2014,569,412,290,842,1552,1161,797,596,373,973,463,770,558,2110,417,1138,347,1721,1002,3009,1161,534,478,646,372,483,1247,1476,922,470,297,895,643,576,537,594,792,855,1519,1628,524,940,421,823,518,1829,1817,446,880,938,3265,749,809,380,438,1362,666,824,1605,1306,1327,587,659,592,858,649,1230,1354,574,806,424,654,1706,593,463,874,922,835,624,539,1342,1490,468,796,1519,305,532,674,483,1861,962,495,962,1721,614,835,763,1212,830,481,850,223,339,1850,895,1627,332,921,933,1296,2053,1037,1124,505,458,529,477,442,983,1416,1508,848,586,354,521,1630,1423,482,804,2537,2281,889,592,1385,746,433,491,530,1630,782,525,1019,684,1601,305,2205,1342,1277,934,449,849,1576,1647,766,423,1247,574,621,411,1173,937,538,472,609,370,756,403,801,350,415,1497,440,903,698,2269,725,499,669,923,1019,358,908,676,783,958,834,1713,1698,956,1926,972,783,582,585,1113,3,1509,570,1258,446,1138,1673,851,674,408,955,712,781,524,952,1105,1006,1051,682,745,634,887,499,627,352,1285,653,525,907,726,657,642,945,769,2096,387,552,1064,911,995,385,493,1617,2126,472,808,1047,1050,290,890,610,399,1000,485,366,1713,368,475,776,739,778,1815,786,313,405,1700,3386,509,382,458,847,750,1624,647,557,1336,1195,876,645,1075,418,483,568,649,1029,556,545,467,1046,787,2405,762,924,413,484,442,1016,516,1350,735,4397,956,774,420,548,528,873,1118,1037,515,996,3132,1170,2486,670,1008,421,591,979,1546,886,1787,1188,911,561,1330,509,918,1282,727,967,2133,917,790,2317,677,874,657,839,588,1771,1537,1833,988,462,1281,1068,433,669,995,379,271,363,278,749,691,407,984,1677,582,1828,742,1491,1245,546,1109,2187,1563,988,495,590,699,2033,5,1674,203,1066,1259,790,486,403,1397,636,1150,1700,841,1413,577,1901,695,452,1449,869,1295,1418,632,464,563,1441,637,1149,611,475,486,1171,693,1153,455,710,1747,2094,546,515,1395,539,913,1452,477,1346,663,488,563,604,587,593,776,515,470,494,652,755,465,955,1948,858,611,802,894,848,355,828,333,991,867,485,465,1017,492,700,935,1248,614,1096,954,905,881,711,685,323,2192,1222,698,877,1427,1124,1408,672,1216,657,836,372,698,416,439,775,1315,504,1038
17_SRSF2,0,19,0,0,0,29,0,0,0,36,0,13,34,0,33,4,5,0,0,33,0,127,25,12,0,0,0,0,0,6,0,0,0,0,3,0,0,0,4,0,4,11,0,0,22,0,2,0,2,0,1,0,0,0,51,0,41,0,11,0,2,0,3,1,8,0,1,0,1,99,0,0,0,3,0,0,1,0,0,1,17,24,3,6,13,0,7,0,3,0,21,0,2,32,0,20,0,0,0,14,0,1,0,0,1,0,1,0,0,0,0,1,0,47,0,0,0,0,3,5,18,22,18,0,21,0,5,0,0,0,0,0,14,42,0,0,0,0,24,2,0,2,0,0,44,9,0,0,20,50,0,102,0,37,0,0,0,0,0,0,0,0,0,0,0,2,0,1,0,0,0,0,65,0,0,0,0,16,0,0,0,0,3,86,0,0,8,0,0,8,0,3,3,9,0,0,0,0,3,158,0,0,5,49,0,12,0,0,0,0,0,0,0,0,0,0,99,0,0,13,0,151,0,0,0,0,2,0,0,0,50,0,0,1,65,0,0,0,0,3,1,0,0,0,4,0,0,0,107,0,0,0,0,0,0,0,0,0,0,1,0,0,0,29,0,0,6,0,2,0,5,0,6,31,0,0,6,0,0,36,0,2,0,0,73,0,0,0,6,0,0,0,5,0,2,2,0,0,0,0,1,50,0,0,3,1,1,1,0,0,0,32,0,0,5,98,0,5,0,5,11,0,0,0,0,6,0,32,40,0,0,139,7,0,130,0,1,0,0,0,0,0,0,20,23,8,0,0,0,2,0,0,0,0,5,0,9,0,0,0,16,0,0,0,0,1,0,0,1,0,0,0,0,0,14,0,5,0,5,52,0,0,2,0,0,0,18,0,0,0,7,0,0,0,51,0,20,0,0,14,4,15,0,0,0,0,14,0,0,107,0,0,0,2,0,1,69,12,0,0,0,0,0,0,0,0,0,5,16,0,5,12,0,0,0,4,22,3,11,0,2,0,0,32,0,0,6,0,1,35,0,9,0,7,48,0,0,2,107,3,0,1,8,0,0,0,2,8,0,0,0,40,6,0,0,77,3,0,0,0,0,10,4,0,0,0,1,0,0,0,0,18,133,0,0,0,3,6,0,1,0,0,0,10,0,0,0,0,0,0,100,1,1,1,0,0,0,2,0,0,2,2,0,7,4,6,0,0,0,0,0,0,34,6,20,0,5,0,0,0,0,35,0,0,0,70,0,1,1,0,0,0,0,0,52,2,190,0,0,2,0,0,0,0,0,1,0,1,0,28,3,0,0,0,7,0,3,28,0,0,0,0,0,2,0,0,10,0,0,0,25,0,1,0,3,4,0,1,0,3,1,0,103,8,0,17,0,0,0,1,43,4,0,0,0,21,0,0,0,0,0,6,0,0,0,17,4,0,0,5,3,2,2,0,0,0,0,19,49,0,4,141,0,3,0,0,0,11,0,0,13,0,0,55,40,0,2,32,1,0,2,12,1,0,0,33,10,0,13,17,0,0,6,0,2,13,0,0,0,0,4,0,0,0,0,0,0,11,0,13,0,1,0,0,0,1,0,1,0,52,0,9,0,0,0,0,0,2,1,1,0,0,0,70,0,0,6,0,0,0,18,0,0,0,48,10,0,0,0,14,3,0,0,0,0,2,0,0,0,7,9,1,1,0,0,0,109,0,7,7,3,0,0,1,0,4,0,19,0,1,0,0,0,0,1,37,0,0,30,0,3,0,0,26,6,0,3,1,0,0,1,0,0,3,112,0,0,0,0,8,0,1,0,0,8,0,1,4,1,0,2,0,0,0,0,0,0,40,1,5,0,10,1,0,0,5,0,0,0,1,0,0,349,0,0,144,105,0,1,0,0,1,0,7,0,3,1,0,0,0,0,0,6,62,4,27,0,0,7,5,0,0,0,0,23,0,0,0,0,51,13,0,0,1,0,0,0,13,0,0,0,7,3,59,0,1,2,0,21,0,0,41,0,0,3,0,0,29,0,59,0,1,0,0,0,2,0,97,0,0,0,0,12,0,108,1,0,0,1,14,0,104,0,0,8,2,0,19,0,0,0,0,0,0,0,0,0,49,1,0,0,0,3,0,0,0,10,5,0,0,0,18,0,0,5,0,0,2,0,0,0,11,13,4,0,0,1,69,3,0,0,18,16,0,0,0,0,0,12,7,0,0,2,0,0,56,0,0,2,3,0,69,0,1,0,7,1,0,11,49,0,0,2,168,0,0,0,50,0,0,0,0,0,0,4,0,3,0,0,0,0,0,0,0,43,0,0,24,1,1,0,0,9,0,4,0,0,2,0,1,10,0,0,0,0,30,1,0,116,1,0,0,0,0,0,0,0,1,0,0,6,23,0,12,1,0,105,0,0,0,1,48,0,0,0,11,0,0,0,0,0,0,1,0,5,1,156,0,2,0,0,0,7,0,0,0,11,0,0,0,208,1,0,131,4,110,0,0,0,0,0,0,0,11,62,0,0,0,0,0,0,0,0,78,0,4,0,0,0,14,1,0,6,14,0,61,8,12,0,0,2,0,0,12,15,0,0,1,7,0,0,0,22,0,0,7,0,13,0,94,0,0,0,0,0,1,0,0,0,7,0,0,0,3,0,0,0,0,0,6,0,0,0,26,4,9,0,0,0,19,1,5,0,0,0,0,1,1,5,6,0,0,0,0,0,0,0,0,0,174,0,0,0,0,0,1,0,41,46,77,13,0,0,0,0,0,3,13,0,0,0,0,16,1,0,0,59,39,0,55,0,171,9,13,0,1,0,0,0,20,56,0,2,9,13,2,0,1,0,0,0,63,0,5,0,0,0,1,0,0,0,4,0,2,1,0,7,6,41,8,0,0,0,0,0,0,6,0,0,0,0,8,18,84,0,1,0,0,1,5,0,187,0,67,0,0,2,55,79,0,35,1,0,0,0,2,0,3,1,0,123,4,14,41,0,1,0,0,0,0,0,0,0,0,0,0,4,0,0,0,0,0,5,34,0,42,3,0,0,1,0,0,0,0,0,0,0,0,0,85,0,2,0,0,1,174,1,4,30,0,0,0,6,77,3,4,0,0,61,0,0,9,0,0,6,1,0,0,0,22,45,3,0,0,0,0,0,0,49,0,0,0,0,32,7,0,8,1,2,142,0,0,0,0,15,34,42,12,0,0,0,4,1,9,0,1,0,0,0,28,0,0,3,12,0,0,20,0,0,0,0,0,1,0,0,0,0,6,10,4,21,220,0,0,6,0,1,0,0,0,0,0,0,0,0,1,0,0,0,0,5,0,0,0,0,18,0,0,0,0,41,4,28,0,0,0,0,0,0,0,0,0,0,6,0,4,0,0,0,0,17,2,0,1,2,1,0,0,2,51,20,0,15,2,0,10,0,4,49,21,8,0,0,0,0,0,29,0,0,0,0,0,0,20,0,0,33,0,17,0,0,2,0,1,0,27,0,0,0,0,0,0,31,0,0,4,0,62,0,23,1,178,6,1,4,0,0,0,0,1,0,0,0,3,0,11,25,2,27,7,0,5,0,0,15,0,15,0,0,12,15,0,0,0,0,0,0,0,3,0,0,0,0,0,0,0,14,0,1,2,0,0,84,1,0,1,0,0,0,16,0,5,6,5,9,36,0,0,0,0,0,0,0,0,0,0,0,2,0,0,0,7,22,7,0,0,18,0,13,0,0,10,24,0,0,0,0,33,67,0,0,0,5,0,0,0,3,0,0,70,0,23,0,3,158,10,1,7,0,94,1,11,0,0,13,25,0,29,0,0,0,0,0,12,0,0,8,12,7,92,0,6,0,15,3,0,0,0,0,1,6,0,0,0,0,0,0,2,6,0,0,10,0,0,0,0,0,2,0,3,0,0,0,0,0,0,52,0,1,0,12,0,0,0,0,2,0,0,0,0,3,13,0,0,25,0,6,0,0,2,2,0,14,0,0,27,7,0,0,1,6,0,0,0,1,0,65,0,1,2,13,0,0,0,0,0,0,1,0,45,0,0,0,0,0,0,14,0,0,2,0,5,0,0,1,0,0,0,3,0,0,0,0,0,0,2,61,0,62,0,5,21,0,0,0,0,0,0,1,0,0,9,0,0,0,6,4,1,42,1,15,0,0,5,2,6,1,0,1,55,0,0,0,0,98,39,0,0,0,0,0,0,0,0,1,0,0,0,0,0,1,0,0,30,0,0,0,0,46,0,1,10,0,0,0,18,0,0,6,0,0,41,0,0,0,0,0,0,223,1,1,2,4,8,0,0,15,0,0,11,0,0,10,0,0,0,0,29,0,0,0,0,2,0,0,0,1,1,0,0,0,0,0,3,0,0,2,0,20,0,0,0,0,0,58,0,0,0,5,0,0,0,0,17,1,0,0,0,0,0,0,68,0,37,0,0,10,0,30,5,52,0,34,0,0,52,0,0,0,0,5,4,1,1,0,0,0,32,0,0,2,1,1,0,0,0,0,3,10,20,0,0,0,0,2,51,0,0,0,0,0,0,0,0,0,47,0,0,0,0,0,50,0,0,0,0,0,0,0,0,0,0,6,0,0,1,56,19,4,0,0,0,2,11,2,0,0,0,0,0,0,0,0,0,0,4,0,0,0,175,1,0,131,0,39,0,0,0,17,0,0,0,0,17,0,0,0,50,0,0,0,0,7,4,1,0,0,1,12,0,9,16,0,0,17,0,1,0,0,9,31,0,59,0,0,0,0,0,5,0,1,0,1,0,9,0,0,5,0,0,0,3,9,0,14,0,0,0,4,0,0,0,9,91,30,0,0,0,1,0,0,0,0,0,1,50,1,0,0,0,0,3,7,0,0,0,0,0,0,22,1,0,0,56,5,0,0,0,0,9,0,0,20,0,0,0,4,3,34,34,0,0,0,0,23,22,0,0,0,0,0,89,0,0,0,0,0,0,0,0,0,20,1,0,5,0,0,0,15,120,0,0,0,86,0,0,4,0,0,60,0,0,0,0,70,0,0,23,0,42,65,0,0,0,0,1,0,0,0,0,7,1,0,0,0,0,0,0,0,8,0,0,0,0,0,0,0,0,0,28,0,28,0,0,8,0,15,0,25,1,1,0,0,0,0,28,2,10,113,4,1,16,0,0,0,2,0,0,0,0,0,1,0,0,4,0,0,0,0,7,57,0,0,0,0,10,49,0,0,0,0,0,0,0,35,0,0,0,2,0,0,0,2,0,3,0,0,5,0,0,0,0,0,4,0,0,0,0,0,0,0,0,0,31,0,0,2,0,0,0,0,4,0,0,0,4,4,4,1,19,0,0,39,13,0,0,10,283,52,0,4,0,3,0,35,0,0,0,0,0,0,28,40,0,0,2,4,8,0,0,12,0,7,21,0,0,0,0,0,0,0,7,3,5,0,1,0,28,0,0,0,0,0,0,0,0,0,0,5,3,0,132,0,0,11,0,179,0,0,0,17,3,8,0,65,38,1,0,0,6,0,8,0,0,8,0,0,2,131,0,23,0,0,0,0,0,15,0,1,13,0,0,0,0,0,0,0,0,27,4,0,4,0,13,2,0,4,0,0,0,0,0,0,0,0,16,157,2,21,1,4,0,0,1,0,1,7,1,39,4,0,7,0,38,0,85,96,2,1,5,17,4,0,0,79,0,0,0,16,0,0,1,0,0,0,0,37,0,25,0,0,31,0,0,0,17,0,0,5,1,1,4,0,14,0,0,1,0,0,1,0,0,0,3,0,0,4,0,20,10,0,0,0,0,3,0,69,1,0,0,0,0,24,0,0,0,0,73,0,0,0,0,25,71,0,0,0,0,0,1,0,0,0,0,0,0,1,1,0,1,0,10,0,0,0,7,0,0,76,0,0,0,1,0,149,0,0,50,26,4,0,3,0,0,5,13,22,0,0,50,0,22,0,0,0,0,2,7,0,0,2,0,0,0,0,0,0,5,0,0,0,3,0,0,0,0,0,0,7,0,1,153,2,83,11,0,0,5,0,0,0,14,2,0,0,0,0,0,0,5,0,0,24,0,0,8,0,7,9,2,25,0,48,0,8,19,0,77,0,0,0,0,0,0,0,136,0,1,0,0,0,1,0,6,0,28,0,1,0,0,0,0,15,14,6,0,33,0,22,57,0,74,0,0,0,0,0,42,28,0,2,2,1,54,0,0,7,50,9,2,1,0,0,0,0,166,0,0,15,156,0,0,93,0,3,0,0,0,0,8,1,15,0,0,0,0,0,1,2,0,0,135,0,0,0,27,12,0,0,36,0,0,0,0,0,0,0,3,0,0,1,0,17,0,0,0,6,3,51,0,0,0,2,26,0,0,15,11,2,0,0,3,0,14,29,50,0,0,1,0,80,0,12,0,3,43,16,42,1,4,0,0,0,0,0,0,0,0,0
18_SETBP1,586,981,1017,656,599,760,390,591,674,1399,648,317,1594,766,1275,736,1399,638,712,310,677,1625,278,1310,993,326,769,313,369,913,2197,927,959,227,460,403,512,1485,310,1012,1645,1873,2297,706,2325,169,268,892,425,423,1367,638,1384,313,1300,597,921,193,1609,878,505,948,809,261,2002,312,386,389,424,2791,403,676,284,1179,431,595,954,677,329,685,785,367,1150,1180,529,1266,330,465,1827,721,332,225,601,1543,437,755,256,480,924,745,914,948,731,462,214,597,377,797,273,1010,713,359,1850,924,775,742,176,420,867,515,1106,862,445,911,915,818,187,573,1651,564,1719,283,888,425,407,1068,962,568,230,1273,461,916,684,921,2064,308,325,684,1096,566,275,2268,1467,951,740,608,768,725,1493,774,648,357,386,454,407,2530,1846,486,453,1472,2970,801,1441,393,315,614,756,234,371,978,867,971,285,3312,471,304,644,1106,454,1116,563,995,892,425,731,702,426,473,283,2161,1712,677,2046,1047,521,349,446,509,591,183,835,1663,233,2014,340,1037,1033,1241,837,752,830,1829,419,991,1078,1374,1018,1461,252,836,921,1155,849,835,692,604,1186,658,1067,409,1017,551,411,581,501,195,235,907,1049,1053,851,359,435,816,538,1108,1115,595,281,982,536,184,480,352,1003,3749,601,1060,672,242,847,1017,1025,541,387,961,2033,412,347,409,809,247,432,786,642,842,280,1927,1566,1032,574,710,1486,422,1112,1188,352,1212,647,347,565,1020,639,956,1022,990,347,395,392,452,908,608,475,1568,1284,772,1556,300,362,949,720,892,813,576,791,274,315,637,568,856,1492,1354,1615,603,1057,1945,696,686,613,1950,811,429,535,2518,340,4131,1146,1192,1184,917,2688,247,531,918,166,215,1401,280,719,514,699,772,1050,504,1189,1057,827,253,485,533,747,329,421,785,1604,814,800,1005,219,1323,375,712,726,264,137,412,763,236,546,420,350,291,1285,387,1769,610,1182,368,1667,1577,671,843,660,997,286,1147,1101,2010,841,854,619,576,356,316,520,284,852,760,460,358,319,244,344,314,737,1110,1793,551,673,1275,3246,894,127,655,480,782,1487,342,1736,571,1042,340,1269,439,199,2301,450,470,3396,486,1194,525,212,665,589,969,324,531,980,411,934,448,412,1277,742,2237,274,1333,558,497,459,1160,565,1061,501,992,1732,432,454,897,1148,453,696,660,1029,830,534,565,831,700,581,179,1004,494,356,916,817,396,1068,1148,1677,1102,1065,571,1636,526,851,420,316,422,1486,277,698,660,1000,598,1368,938,814,350,542,741,397,712,562,794,1173,1412,1048,969,317,743,1589,564,686,907,801,904,329,639,395,1367,791,438,1177,2135,613,1616,315,314,1056,444,513,265,1005,712,1064,424,215,824,316,1019,462,750,574,623,359,423,2825,1204,716,397,855,239,716,1145,396,709,285,808,1472,975,1432,308,1110,1669,1004,642,584,1171,1688,2304,592,1961,504,265,401,1604,1493,290,363,337,2092,567,1046,432,307,1105,1619,269,604,1005,225,230,279,263,465,1422,832,837,1263,285,675,788,553,608,898,311,579,374,701,690,380,464,405,624,1309,485,1936,323,1320,705,761,386,544,1940,723,784,334,548,396,809,1464,2017,423,572,371,1425,472,1028,974,2096,637,998,1066,981,1455,357,813,516,1606,842,365,915,808,606,559,1019,540,813,2109,607,1078,299,1270,825,310,747,233,778,886,1514,1892,1266,327,2102,477,322,1038,994,972,685,1151,549,482,275,1322,643,556,1417,388,929,475,993,351,430,888,310,636,352,474,284,363,824,1241,508,2576,310,299,682,681,1516,476,1391,1237,1359,465,397,536,1442,1316,304,2353,1419,1105,1037,1228,1159,448,535,286,362,1182,1249,1110,612,750,782,831,293,387,466,615,285,494,342,274,335,1095,945,2462,581,1696,1183,1318,719,451,960,493,173,489,291,604,260,1053,282,372,964,393,1311,517,267,564,1025,656,1099,598,904,946,1136,1390,179,357,988,341,317,288,616,1709,79,897,470,247,351,664,898,481,431,976,447,751,1602,1499,269,1049,1838,2576,940,1880,1406,1428,750,831,359,708,298,1016,446,1366,721,815,1467,327,1410,321,2519,282,256,1829,1207,1827,424,284,322,1361,1106,671,545,493,617,546,419,381,573,582,774,737,594,469,496,921,625,386,1883,1249,715,502,954,1889,1296,1281,1517,1896,538,979,560,521,560,579,1203,779,416,582,394,573,678,1093,1769,618,281,736,458,806,487,1097,694,367,543,323,351,436,1117,252,794,601,374,1390,814,301,1008,774,825,574,704,1618,562,307,718,2117,2162,839,1922,185,1089,615,1004,547,2014,1239,964,843,1232,387,295,694,640,1407,521,1449,461,1431,349,388,2374,899,1053,547,1042,327,715,529,870,1245,276,1085,195,1542,1795,419,437,347,605,350,521,583,703,2270,462,852,404,341,3134,294,783,265,447,1374,521,1296,589,228,198,400,1375,523,732,601,415,673,303,1139,592,850,2585,1011,665,688,1089,540,1373,333,798,789,869,2012,412,376,2457,1031,765,504,519,401,480,494,209,670,562,986,660,1462,372,737,1109,984,186,836,381,1584,728,1170,190,806,540,665,535,394,788,357,1003,761,276,372,369,368,1777,2417,817,444,461,705,1175,713,1128,649,527,311,27,384,986,547,1123,668,1345,596,1970,683,469,596,492,635,931,476,1429,248,446,2013,779,613,1479,1463,673,314,932,1304,1244,965,930,483,956,468,567,413,249,1158,338,209,324,747,289,697,1956,433,1061,485,1581,540,641,609,1634,1229,578,1107,1226,1047,551,1177,1236,1771,1345,1204,628,2803,289,909,912,296,548,262,677,1002,1112,612,353,700,775,175,683,885,1084,314,702,790,345,456,666,894,336,495,1033,835,609,496,827,1185,584,754,619,826,1681,1724,416,403,1123,621,2007,756,398,361,1317,1491,704,285,826,754,1612,533,484,927,426,498,486,969,402,503,383,822,489,1009,1636,404,307,1090,232,1229,921,299,719,1277,724,755,2142,2697,1531,1090,1164,2024,381,264,381,494,556,2070,370,500,831,2887,1391,467,2214,261,1693,574,296,293,1504,216,940,713,484,733,246,1579,788,547,920,696,459,215,358,349,2664,713,489,498,295,276,1086,862,866,815,364,611,734,377,1478,1110,435,1540,584,254,886,700,301,981,320,353,1383,1271,274,437,746,690,876,521,525,714,743,455,800,469,2682,524,1118,1399,1315,1152,920,995,366,1296,595,753,506,270,973,379,992,1245,319,2544,932,769,930,873,1758,1236,267,331,272,337,686,1158,516,1236,762,879,307,740,365,991,231,357,1069,2202,1417,1142,200,187,821,1029,331,487,247,241,1505,204,666,258,850,1468,355,858,262,573,1596,874,1975,782,487,569,495,808,3597,572,504,384,608,504,506,618,1030,310,243,498,278,802,343,78,736,1819,1555,998,296,1420,469,1272,793,2042,561,347,1569,338,823,135,644,305,981,289,1151,779,237,464,232,264,927,366,472,523,283,1612,752,1001,236,505,1260,245,611,1141,239,892,429,531,1354,1584,887,399,579,752,222,396,273,729,692,1272,275,576,1057,798,812,885,1267,429,307,176,293,572,935,1159,1379,197,368,434,2173,254,593,249,676,323,774,329,772,342,1144,426,308,1336,244,335,447,3379,1873,597,650,697,649,278,1276,463,782,350,725,369,333,1407,936,392,649,434,959,1191,282,1167,353,788,238,739,574,3029,1012,1073,614,774,654,1100,591,635,324,1348,598,724,421,567,735,494,449,387,649,271,187,494,317,528,1002,669,1039,1009,625,1703,733,614,1767,917,546,491,838,1275,641,818,647,963,1271,801,741,502,216,1044,598,667,730,1282,1495,1275,300,2388,638,444,849,292,1227,1234,1623,1572,1768,1176,550,1717,1263,502,553,514,782,502,222,499,844,2239,1428,503,478,891,196,319,942,301,424,473,1777,976,585,602,966,473,1070,443,1216,347,1444,705,899,296,573,643,1324,657,796,621,673,1273,358,194,590,380,376,291,2277,565,1308,683,701,224,451,1227,513,380,269,805,695,615,95,417,1575,839,1176,249,594,1911,2430,592,1015,1207,880,518,160,585,379,538,724,473,393,425,1433,273,1238,1261,370,1549,569,1452,1049,2395,1038,1185,988,731,421,753,1323,803,1208,633,2017,581,1332,678,1622,658,740,491,1418,854,701,411,470,1792,551,389,1423,1591,977,1881,270,691,2261,755,432,369,416,440,286,434,1164,269,467,471,2557,319,446,646,916,803,166,225,422,718,503,971,1716,870,233,816,2229,624,364,360,771,1333,1867,302,271,382,1113,455,644,2495,447,1077,502,718,469,750,966,621,1885,736,1354,494,715,635,532,542,815,709,632,1648,420,1385,524,780,547,304,758,1973,499,556,1041,1722,1205,1833,794,1258,1272,763,375,453,249,706,769,593,1450,458,202,452,1060,886,300,1970,318,506,979,1884,418,359,1563,603,2507,956,1129,1409,680,536,501,340,595,1670,390,616,508,728,660,1409,1411,827,1122,337,929,362,756,473,718,2534,221,888,1510,326,960,745,2731,911,287,1542,1041,481,303,303,1300,485,641,329,349,1354,1052,236,727,1193,1583,315,709,1155,476,596,811,1766,901,659,589,377,560,254,581,1283,374,705,884,672,802,591,596,1171,346,848,937,295,653,371,682,1107,433,295,809,1434,1295,690,589,263,1061,824,643,3689,544,637,616,1139,996,953,627,3560,146,589,490,725,203,773,373,367,815,1493,357,381,416,278,1110,814,583,1151,724,336,648,835,1086,894,1066,256,566,884,637,961,1186,967,714,1972,414,963,1477,1048,520,795,1336,898,1098,445,701,260,596,136,386,164,550,1545,1439,509,1778,1128,952,787,784,627,397,1074,670,1618,292,368,1699,1225,679,202,644,353,794,702,949,969,288,1060,666,689,1384,1054,250,469,704,892,854,459,311,707,420,415,313,1284,985,423,1332,690,1103,722,679,1397,575,954,613,2662,1424,387,773,1328,1457,617,407,517,1929,213,371,655,757,402,533,1099,306,824,873,1235,941,485,813,427,854,595,224,624,883,349,1022,380,270,1375,198,453,964,429,256,784,811,528,704,807,351,654,1388,563,819,1947,1659,713,628,462,551,775,340,559,834,849,1629,329,397,267,864,808,1041,930,1238,695,479,571,1078,627,468,1083,300,654,321,548,516,2445,1229,1257,933,355,2602,1699,741,1175,715,1021,253,580,362,426,852,216,754,515,1650,1260,1567,976,2106,851,374,1523,1192,226,372,1784,982,909,795,375,1570,721,976,2352,1910,437,509,257,2201,1041,980,570,682,865,428,984,2128,431,366,713,318,333,694,1217,1013,302,1766,861,1751,387,1797,354,533,191,985,3045,1766,545,811,570,281,755,844,637,1254,951,648,698,1248,485,533,392,1273,408,554,1574,762,1068,1031,752,725,863,1210,560,1494,601,380,572,871,396,660,168,555,774,541,892,619,407,1460,1531,1295,667,934,489,2043,1524,371,811,249,861,494,766,387,626,759,3564,1053,1165,1011,659,1174,1385,1218,814,713,812,549,206,441,2122,450,321,246,325,2190,377,511,444,1617,763,3589,1047,1281,278,467,361,1179,221,399,671,986,366,409,2487,270,975,356,626,619,1120,487,456,470,412,644,630,2101,677,323,1914,963,1655,954,286,1516,304,320,1076,380,1095,535,649,1492,646,363,162,843,1040,601,419,259,1188,555,502,2224,863,541,809,436,469,1103,295,671,558,525,1160,430,238,329,1327,1249,677,186,716,667,327,1172,320,457,966,1224,290,541,283,591,1656,1106,750,998,842,770,896,741,964,1487,337,397,617,266,225,451,1267,609,647,1288,344,375,645,572,820,405,588,280,1021,1391,1114,747,937,2682,711,741,586,322,1082,818,469,871,221,389,374,665,1621,785,774,837,140,720,342,476,463,1523,309,857,381,1336,1182,2775,763,534,430,835,269,692,700,921,673,332,388,1320,609,443,702,960,1017,655,1008,789,493,923,179,215,341,2035,1777,351,1080,506,2579,814,820,147,331,988,636,730,946,777,896,368,506,345,518,655,1365,1406,538,639,199,953,998,741,299,923,576,1070,346,336,801,907,383,757,1194,397,598,808,347,1056,456,434,778,1196,363,516,452,912,680,330,769,291,279,1180,1237,971,441,977,995,479,1513,793,911,434,305,318,391,258,993,1190,1016,619,634,237,772,2282,962,353,435,1924,1131,977,566,1544,683,294,364,401,1502,682,303,605,131,1138,325,1527,1581,1357,755,499,549,2092,1706,606,314,543,811,852,268,1088,1010,299,442,229,275,647,430,695,456,351,1579,254,1073,658,2007,1006,375,554,590,680,296,910,509,587,874,756,2093,767,1103,1293,978,577,372,408,323,631,1655,469,1088,421,1159,977,878,497,302,960,972,473,439,1132,434,1268,804,340,521,154,672,447,243,273,1629,355,438,665,347,450,612,420,723,1818,261,316,937,1078,752,211,444,997,1039,336,675,1286,945,302,603,322,381,957,344,377,1215,94,229,346,586,993,862,558,182,414,1598,2881,283,412,290,457,775,1663,614,689,1146,864,976,953,1031,394,394,441,489,860,387,446,372,826,787,2237,780,1037,245,455,386,405,223,1322,428,3344,599,685,261,467,146,361,862,882,487,847,4260,1347,1438,493,909,640,563,849,911,748,1291,731,825,427,182,452,721,720,383,642,1478,733,1102,1224,364,681,460,384,409,1392,1378,1634,580,993,1157,815,265,500,428,400,257,220,325,853,443,240,493,986,541,801,383,1126,1214,511,866,1719,1977,454,556,690,513,1773,678,1490,498,787,917,761,429,1240,998,406,1058,2056,1088,527,589,1423,453,325,1362,1051,1015,1052,381,325,466,1067,545,1606,606,346,273,885,308,1649,655,429,1275,2496,407,298,1253,391,1263,712,271,979,693,586,364,782,665,313,911,284,563,211,474,635,316,957,1746,862,510,627,499,814,318,511,307,798,721,415,129,745,465,504,525,713,470,882,634,637,991,580,443,261,2596,967,211,816,861,1345,1144,535,501,581,560,209,615,384,486,788,577,376,989
19_CALR,16,62,10,47,42,52,16,4,57,60,97,23,167,95,152,2,58,40,50,36,144,126,7,56,134,14,85,0,15,66,171,22,96,6,38,54,48,14,66,64,106,195,122,30,102,12,26,26,12,46,71,16,2,8,78,136,10,71,91,32,8,48,14,12,92,22,10,12,16,190,9,82,14,18,19,73,45,34,32,10,59,14,61,131,26,16,20,24,113,24,10,4,20,40,36,40,12,10,60,48,44,66,64,24,28,63,20,44,48,70,28,2,204,58,31,60,8,112,36,26,54,70,46,46,51,18,22,2,62,28,203,18,32,72,30,17,0,24,22,192,28,156,2,17,68,20,22,34,8,14,74,118,131,16,54,10,84,71,26,30,107,12,19,50,24,145,152,24,28,74,113,32,128,26,24,18,18,6,17,126,18,62,66,340,8,14,80,98,2,14,25,0,18,6,19,36,22,51,23,113,48,10,40,18,38,10,0,32,94,8,12,12,0,164,22,58,2,177,7,30,40,149,4,88,88,43,118,12,4,26,76,41,40,39,38,28,26,57,68,4,36,52,40,6,8,16,14,46,211,18,32,20,16,20,4,150,0,12,20,10,46,41,16,14,72,310,34,96,30,21,81,26,58,52,56,26,164,18,38,64,110,14,27,42,14,4,41,48,71,32,22,14,189,82,24,70,0,166,68,9,38,26,68,20,60,71,21,36,4,16,76,21,114,0,89,90,24,12,24,90,32,24,60,8,68,32,5,55,64,26,97,100,56,22,110,131,67,11,52,222,54,30,15,132,12,82,58,28,196,230,114,4,80,60,6,4,72,56,18,6,100,21,80,43,64,46,94,26,10,100,64,14,6,53,116,2,16,8,29,60,31,12,119,18,2,72,70,2,0,2,4,12,14,0,156,24,56,0,145,33,40,43,14,20,10,72,38,25,30,2,116,66,0,22,30,38,46,77,30,2,8,2,17,24,59,28,56,58,8,104,210,38,41,40,34,26,41,10,58,37,50,55,132,28,10,58,14,42,206,37,24,12,4,0,28,58,6,50,96,70,84,7,22,51,30,167,10,139,0,42,56,160,8,103,23,60,13,4,16,20,143,16,26,60,50,31,12,26,64,6,2,11,50,30,28,54,88,72,12,8,170,24,55,20,75,42,38,32,20,26,105,46,30,6,102,8,113,44,69,13,39,24,0,26,12,34,88,24,18,40,20,30,46,59,51,26,84,10,22,110,60,100,22,30,56,150,11,37,10,6,0,20,22,8,85,52,105,11,6,50,20,34,77,19,4,34,55,27,76,76,15,24,106,2,30,74,33,21,20,110,119,34,56,26,94,46,74,48,4,179,64,159,20,38,50,42,4,28,16,28,10,6,111,0,32,17,0,118,141,4,17,118,60,14,4,28,32,192,71,67,124,6,36,20,36,8,54,5,77,15,4,43,0,0,48,23,35,24,88,20,50,39,52,16,52,28,4,14,8,10,0,25,115,12,50,29,69,48,34,30,112,55,16,26,20,24,64,8,70,34,183,66,20,16,30,24,11,46,18,16,106,20,112,6,36,51,30,16,14,148,30,98,111,30,0,53,50,64,26,52,59,4,112,68,18,12,52,6,10,209,4,42,0,116,16,6,68,10,34,18,12,24,20,30,116,32,213,0,18,60,6,44,4,120,18,63,96,6,18,47,250,36,29,56,36,36,130,72,14,34,36,104,50,31,24,14,46,4,30,36,16,22,81,30,2,27,10,10,76,122,120,32,86,127,64,12,60,96,14,32,33,6,35,6,123,18,24,12,16,130,2,14,44,42,24,202,28,26,90,94,50,49,18,30,2,6,262,64,176,0,6,24,18,8,40,4,52,0,58,32,50,60,52,6,2,149,76,32,2,38,32,52,94,10,52,18,13,10,55,4,15,47,61,68,4,16,4,8,130,61,70,10,18,31,122,8,44,6,34,50,28,6,12,42,4,24,36,14,59,41,60,26,14,197,220,42,2,66,67,69,52,42,66,6,70,12,22,16,54,73,107,24,83,14,99,10,59,172,24,4,32,64,2,34,113,11,21,24,37,36,6,34,0,50,16,32,31,8,29,104,0,28,80,19,111,54,20,28,94,136,60,35,22,58,116,28,36,129,28,41,31,52,8,16,64,99,48,16,98,17,2,12,27,72,2,144,44,105,22,41,8,26,115,0,115,16,70,50,19,14,24,48,2,4,22,48,14,16,26,2,10,250,8,26,36,2,86,15,42,25,10,16,25,28,18,32,48,12,24,16,16,82,11,30,44,32,96,170,52,128,10,60,50,24,74,16,10,119,54,58,30,15,30,41,8,2,2,72,144,44,92,2,80,53,51,8,84,42,18,62,32,26,28,26,27,20,8,0,2,20,39,23,2,24,14,74,288,15,9,4,28,82,12,20,116,39,30,81,18,30,28,82,6,68,62,103,67,2,77,86,14,82,76,165,15,21,34,28,44,4,116,18,22,22,94,175,14,32,34,199,27,20,4,14,12,6,26,26,94,34,36,110,39,125,16,94,34,50,26,44,6,34,68,48,206,16,14,94,85,32,68,32,118,2,62,154,8,56,12,49,9,72,86,12,40,2,10,8,50,50,12,30,36,11,36,16,92,10,36,22,6,63,6,88,103,104,18,6,129,83,106,10,67,266,17,138,18,30,32,4,22,22,4,30,42,97,106,38,2,18,22,44,84,8,20,152,58,144,0,77,19,14,42,28,141,16,58,24,104,69,32,142,104,195,38,184,120,22,12,2,2,40,147,0,46,96,70,64,28,110,11,45,50,30,21,64,48,26,14,14,108,10,146,2,34,24,10,8,24,4,22,85,16,15,44,6,2,28,66,71,12,2,42,46,35,144,36,13,179,88,13,16,100,47,46,4,4,154,99,34,18,19,2,50,14,0,57,64,6,36,36,56,50,53,50,25,36,16,136,26,122,60,89,67,24,25,24,30,100,2,54,96,20,18,58,141,41,6,40,28,16,12,24,4,22,96,22,32,60,12,36,32,22,94,122,80,133,22,34,32,14,28,22,8,32,78,56,23,14,56,36,20,44,2,57,22,176,177,76,34,52,22,42,169,7,28,22,42,23,12,38,60,66,24,24,24,88,10,4,20,6,74,18,8,30,42,104,38,100,6,18,68,4,34,26,193,22,79,8,101,10,6,116,16,10,20,10,16,22,7,73,37,48,40,0,140,10,78,80,14,200,6,32,80,116,6,18,26,6,62,6,2,27,28,38,25,0,76,100,54,24,48,14,6,30,20,164,95,39,85,17,0,70,163,12,8,32,58,16,80,28,64,6,68,36,8,48,25,22,28,318,76,22,8,56,18,16,118,0,54,19,13,5,14,142,20,8,12,22,214,80,18,32,21,54,6,32,79,52,71,63,57,17,138,40,22,44,2,14,50,30,30,24,75,64,8,28,4,2,8,20,2,88,76,16,12,2,44,66,32,59,77,14,46,11,32,107,38,69,8,63,24,25,2,82,6,87,25,38,34,205,140,117,14,28,30,48,10,0,62,64,179,26,8,32,18,228,10,34,10,16,55,102,22,18,54,372,50,14,44,4,18,10,98,16,22,46,72,82,0,20,164,44,67,40,38,10,66,6,50,12,36,74,6,118,73,62,34,58,34,12,2,27,32,16,174,0,10,4,52,61,14,22,28,18,62,14,10,22,16,0,74,18,102,66,26,126,8,84,46,21,70,22,18,62,8,33,102,14,8,68,54,32,42,12,16,167,22,50,129,119,30,44,192,96,46,96,48,62,100,14,147,2,25,13,82,2,58,16,65,30,30,14,58,42,20,24,134,24,26,38,30,39,116,8,56,0,26,4,12,31,46,2,36,42,97,30,24,60,34,50,27,0,13,61,16,54,62,16,64,2,24,17,40,34,5,43,92,8,42,4,222,91,12,76,10,176,2,0,41,198,26,91,103,20,26,38,62,34,60,10,20,20,6,108,14,92,4,34,28,8,78,87,20,32,24,176,71,34,18,152,23,6,4,34,6,41,22,6,90,0,24,0,25,72,12,245,58,24,68,42,26,20,40,22,14,14,61,38,32,16,64,24,18,68,48,52,30,24,14,154,78,2,79,4,82,31,52,56,0,64,32,64,44,33,66,60,191,14,4,81,26,35,2,22,14,8,21,10,30,68,86,0,10,88,116,0,142,66,49,44,63,162,121,16,32,14,60,4,29,107,4,22,46,40,29,52,47,96,2,12,22,10,40,16,0,156,34,8,55,75,176,24,6,28,128,25,14,201,22,10,52,10,0,14,18,254,4,40,4,49,29,22,14,18,24,10,130,11,6,16,73,2,0,52,20,10,63,21,134,58,20,4,22,18,15,107,42,88,30,152,23,38,16,56,16,20,74,28,40,6,25,9,54,4,40,14,6,105,21,45,112,141,59,28,80,12,54,80,19,88,14,12,56,134,20,34,18,2,62,19,48,20,30,46,109,52,76,72,0,52,8,190,24,22,29,16,51,31,10,24,22,4,192,36,32,151,24,209,4,110,59,111,56,18,110,16,148,16,18,44,2,2,34,64,18,10,45,31,56,61,38,48,26,44,42,19,0,61,11,95,81,51,122,16,34,50,8,6,12,38,2,10,55,28,20,16,12,90,74,34,94,197,22,122,17,16,96,64,26,6,22,165,12,20,10,22,72,42,70,45,151,52,14,42,19,55,4,170,22,101,50,42,12,165,80,122,86,8,109,114,27,84,62,88,86,32,2,12,175,28,26,0,78,42,108,48,69,72,22,128,6,14,12,89,42,30,16,19,20,72,17,116,236,22,18,15,171,86,114,65,12,34,46,12,62,18,0,26,26,26,48,32,28,26,124,22,106,10,78,0,45,28,102,237,40,48,46,20,34,22,2,97,38,20,76,2,26,27,70,12,48,36,144,60,84,110,81,18,44,21,66,37,93,0,10,28,28,26,70,29,47,57,8,24,6,12,265,74,68,64,42,6,82,93,12,92,19,58,10,77,14,110,6,322,28,22,12,44,40,52,120,22,28,24,74,0,12,0,0,4,24,48,167,2,33,24,28,11,166,20,92,38,38,52,89,12,22,56,3,42,6,230,26,0,18,21,10,35,22,12,48,43,91,104,170,18,14,247,106,64,36,37,39,43,14,60,40,16,6,20,56,30,0,0,40,72,137,6,64,92,130,4,90,8,56,38,13,20,0,6,26,57,18,128,18,2,18,64,48,74,10,0,32,16,84,8,0,125,134,22,68,50,84,70,74,56,30,2,123,106,8,106,141,6,18,12,18,22,46,40,20,34,53,30,46,4,22,50,31,0,8,22,169,22,38,97,324,78,70,54,12,40,18,28,30,10,6,66,42,38,28,90,4,20,16,10,38,38,91,12,70,23,109,130,64,50,61,12,58,16,22,0,114,32,18,23,85,42,28,78,30,44,26,28,0,10,12,26,20,26,197,16,24,48,24,278,60,120,26,10,116,44,18,56,48,78,34,16,37,34,6,34,42,26,49,16,25,81,34,8,10,34,75,38,14,113,12,42,57,70,30,76,78,20,53,52,22,50,147,8,48,34,64,18,16,50,6,14,170,82,43,30,53,146,38,99,37,0,22,42,30,43,2,29,6,2,104,50,10,6,82,16,20,40,235,38,60,26,148,42,26,6,24,112,81,55,54,28,74,30,76,22,46,72,34,50,24,208,28,30,148,46,30,23,58,112,16,19,8,20,16,66,160,18,14,66,19,147,70,84,76,0,42,10,69,20,58,12,43,10,18,24,114,86,74,51,16,28,30,52,2,18,30,8,28,133,60,4,32,4,38,111,96,14,60,20,62,83,8,26,12,38,104,17,8,110,32,41,55,12,30,8,83,16,42,14,20,16,19,18,14,26,10,86,7,43,86,55,34,20,16,38,24,4,31,170,4,19,100,78,72,82,19,30,36,160,142,4,8,49,29,96,71,24,0,86,80,44,4,62,34,12,0,44,108,6,0,6,142,36,115,168,78,20,24,38,52,31,100,28,58,54,68,16,10,4,30,20,38,14,38,40,4,156,24,34,34,16,34,60,36,120,102,14,32,34,28,84,120,48,38,122,32,36,36,2,46,8,52,14,190,114,129,46,167,30,30,8,12,32,6,10,26,25,28,28,13,56,58,13,55,2,36,20,28,2,196,130,52,42,24,26,93,196,205,2,92,22,4,10,92,133,0,67,98,59,36,22,212,26,2,38,41,42,16,9,82,6,20,12,284,24,8,6,42,30,136,48,18,62,247,30,12,49,48,37,83,18,78,34,104,4,32,40,28,17,18,0,20,26,48,2,26,80,41,41,2,68,74,10,42,3,10,75,11,12,64,5,52,4,32,12,72,66,127,26,8,24,9,96,158,8,24,118,60,46,19,64,24,45,6,8,34,24,0,29,12,52
20_ASXL1,608,1644,357,937,837,604,640,672,1083,1282,625,559,3588,705,1918,864,1606,539,1011,161,1155,1081,268,1541,2477,68,690,364,768,850,2306,1164,862,371,766,765,449,1729,900,1608,1625,2346,2348,87,3416,387,321,1165,487,21,1496,1106,1168,345,2133,1340,472,456,2338,623,223,1223,1070,347,2142,504,537,506,509,2468,411,547,354,734,378,289,1726,734,466,993,1121,500,2050,1357,663,1582,335,56,1667,703,399,321,742,2497,523,1204,425,299,821,524,478,591,1049,655,494,610,425,303,272,1186,902,229,2468,1480,982,1335,364,352,1276,339,783,1133,955,1046,744,678,368,740,2077,1155,2088,344,1012,631,649,1524,646,701,326,897,434,2360,600,613,1163,260,245,333,441,1541,459,3655,1442,1009,1524,965,1645,528,1722,1552,537,245,399,420,740,4274,884,567,588,1095,3331,838,1530,670,310,928,686,569,468,893,1261,220,380,4605,435,506,2596,1182,643,1641,387,1334,1410,608,1401,1169,299,1444,372,2626,1631,618,3556,737,558,260,64,487,953,475,712,1600,485,1549,467,1201,1355,673,885,954,1005,1566,430,1046,1011,1498,1777,1559,360,1021,885,1472,1410,982,1052,741,661,722,1552,311,1496,626,453,350,729,568,535,919,2468,715,999,345,408,564,777,1064,1448,320,469,668,554,311,798,464,733,5935,414,1033,992,335,1736,17,1452,984,132,1421,3819,730,496,978,1028,203,312,1129,862,5,537,2521,2736,642,475,576,2484,569,945,1379,546,1709,415,760,810,440,1142,906,1382,1133,399,601,495,333,929,619,701,2800,1971,1005,1602,291,444,1425,896,1391,1351,754,1281,582,253,1012,854,1218,938,1973,1794,756,1584,1971,833,800,730,1703,1158,1221,516,4397,522,4530,1556,1695,1344,2720,3163,351,437,1177,775,407,2030,821,707,360,1200,1124,1080,493,940,1567,1836,384,399,770,943,463,486,564,1361,1506,1393,1543,159,1622,460,278,310,232,269,976,1280,578,437,516,289,516,1015,552,1086,288,1427,510,2871,906,1452,1318,785,1153,282,1142,1065,2552,1235,792,1065,795,219,500,429,699,938,1286,947,611,468,380,493,716,370,1289,1843,455,909,1693,3120,1114,225,477,623,976,1080,416,2527,555,1321,648,1330,640,217,2265,466,409,3238,475,1391,546,245,954,609,1196,389,617,2128,696,1327,272,501,1278,1322,2283,300,1510,551,613,1076,1268,526,1273,948,2347,1895,693,669,806,1403,472,700,1059,968,801,468,557,1111,690,751,345,774,292,443,1331,789,336,855,2460,1914,673,1218,720,1504,569,1330,862,365,529,1798,303,630,770,701,745,1420,1095,762,617,1220,820,536,1009,471,928,1932,1687,1075,1256,8,1390,1774,551,1060,1030,1145,1047,444,1113,1033,2180,1072,798,1605,2389,189,2129,450,385,1317,587,445,340,401,854,1090,503,250,2129,194,997,1226,1141,869,354,368,569,3985,1699,1523,373,1171,306,1068,1540,637,622,396,945,2097,1174,1076,311,1930,1992,902,823,797,1744,1906,3349,680,1996,260,254,307,1739,1442,468,416,592,3207,1025,153,315,531,1398,1864,450,921,1597,318,1274,441,184,786,2294,1386,925,332,175,403,624,715,425,1175,339,944,250,747,798,215,496,909,565,1283,462,2860,250,992,808,1732,474,1038,1238,931,880,392,585,486,811,1571,2205,666,314,714,843,601,893,1214,3080,619,1433,1222,1150,2612,470,593,747,1169,727,448,1126,852,729,751,982,1238,158,2631,783,1139,331,1441,342,351,962,601,1029,612,1788,2622,1243,401,1922,536,543,1215,1117,730,608,1333,1232,342,722,1408,507,795,1439,554,814,726,1342,293,535,1538,597,750,302,533,362,319,261,747,622,2625,445,349,1061,1277,1967,740,1066,695,1635,963,569,673,1193,856,308,2556,1552,806,1325,1663,1539,732,735,526,1115,1204,1241,1530,952,1030,909,991,233,507,474,894,457,563,608,406,374,1215,1531,2391,312,2202,1814,1419,1380,228,629,570,232,562,631,746,413,1696,204,457,937,424,1838,926,400,1015,1577,1185,1829,762,975,1334,1060,1294,278,503,2862,375,486,2544,1197,1291,336,839,535,461,580,496,790,583,148,1047,666,873,2178,3039,503,1935,3437,4161,1500,1475,2090,1975,1114,773,444,1078,377,1463,331,1128,294,468,1110,488,2264,394,2086,310,297,2079,1145,1583,917,590,307,1286,1160,922,603,499,388,812,584,378,791,870,735,607,890,266,698,987,851,458,2674,1978,987,361,2210,2941,1203,1382,1595,1782,551,1350,665,384,670,1019,910,943,709,797,363,815,607,1201,2029,425,426,721,733,381,508,1982,864,676,853,492,727,618,834,279,810,733,389,1920,946,781,1080,767,904,691,935,2716,709,84,1122,2253,2768,1022,2215,297,1091,1220,1639,457,1365,1308,897,1183,1343,418,206,898,903,1111,596,1911,789,2104,439,502,1512,443,1449,146,1631,455,1240,346,1214,856,15,832,346,1859,1820,572,648,651,939,339,548,904,1026,2512,187,710,904,443,5167,306,810,594,521,1192,556,2168,847,413,332,75,2043,698,1251,752,630,683,600,610,752,1015,3068,1410,803,853,1343,480,3203,1377,910,633,655,1744,422,557,4015,1062,69,416,396,433,506,369,366,952,763,1139,553,1608,1051,1034,1176,1083,331,759,478,1994,757,1080,558,461,572,680,792,802,648,233,52,811,340,298,363,406,1934,3497,958,658,327,500,1050,935,1063,884,658,241,596,395,1946,860,1673,876,1537,907,1788,1747,795,1567,502,581,808,875,2502,330,299,2762,917,516,1526,1891,762,490,1425,2080,2347,1060,1089,709,1586,232,689,488,364,1325,410,295,362,1476,466,735,1571,568,1378,496,747,752,983,917,1483,1186,753,1914,994,1264,514,1585,1514,1398,1722,1605,661,1751,58,795,1798,89,484,238,387,1119,1235,1743,378,1055,424,633,754,491,1967,256,743,1505,211,540,1427,1185,214,442,1330,802,639,545,746,1304,549,815,395,1042,1796,2388,317,320,2088,717,2510,873,580,291,131,2604,424,345,836,1411,2235,912,550,926,519,683,737,2419,115,783,1031,583,1385,704,3196,431,470,1875,322,1365,1196,584,620,1676,656,648,2833,3070,2058,965,1594,2486,577,491,596,696,764,3411,564,511,1042,2903,1116,714,2105,480,1985,995,381,290,1369,334,1075,957,539,1036,211,1052,797,894,878,952,1072,421,253,592,2130,658,765,561,493,294,1104,725,970,1294,338,864,742,889,853,948,592,1862,913,320,831,571,469,1525,340,380,2123,1430,335,673,617,836,1042,606,618,1017,354,400,891,649,3144,401,1277,1849,2203,525,2149,1042,483,1619,455,511,482,441,576,618,1113,1579,430,3251,1277,965,1498,1596,2595,1605,263,20,413,62,872,1213,566,1005,693,1274,622,1097,491,717,403,342,2614,3346,1332,752,387,443,946,108,338,203,456,411,1523,441,347,370,935,1634,308,1194,339,583,2239,2427,1267,533,437,343,456,841,4587,724,753,165,636,711,554,486,1085,502,537,917,455,1013,460,778,832,2254,1416,1138,354,1627,473,1468,631,169,1121,261,2012,425,1117,609,637,452,1212,139,1768,1354,379,662,422,508,973,392,548,1147,547,1650,1631,1268,411,431,995,358,932,1306,212,1555,408,480,1760,947,535,422,656,1264,460,399,462,720,1151,733,505,662,1574,722,1195,1325,1227,614,657,355,307,1590,1603,2282,2762,350,710,721,2940,537,1017,610,722,418,972,212,626,452,1138,699,701,1505,407,499,235,2043,2520,912,365,1277,838,453,1485,381,692,512,740,338,910,2340,885,537,762,470,1137,1491,369,131,435,934,383,488,644,3231,976,1298,746,842,1127,998,564,210,421,1774,681,898,359,868,842,427,435,678,732,406,385,429,380,580,748,1284,863,1051,728,2060,246,998,2474,729,752,527,1854,1671,723,582,868,1471,1448,846,825,510,154,888,744,334,745,1480,594,989,526,1179,868,914,1070,290,53,1638,2028,1546,688,1610,659,2593,1321,897,366,597,1017,794,433,664,747,3150,1250,570,1097,1084,385,305,1356,569,580,327,2103,1767,608,1410,1881,676,1043,596,878,398,1554,1391,1338,504,920,819,2927,1151,1377,947,733,915,555,282,683,426,647,220,2826,923,1822,1119,902,1146,305,1655,577,420,566,801,478,603,456,227,964,969,1410,262,626,3102,3350,620,1458,1879,1165,938,236,566,604,710,774,735,421,620,1293,352,1408,601,459,1537,730,2135,1049,3178,726,1215,1295,928,323,784,675,773,1750,911,2709,434,1412,758,1407,513,637,465,1693,1177,266,523,430,504,667,413,1328,1053,1558,1455,201,884,2086,756,933,468,492,771,305,568,1030,394,543,512,3279,713,610,978,890,1462,422,298,607,778,669,1188,1032,925,447,943,2127,508,476,541,1307,1422,1978,310,450,458,2103,858,838,2941,608,1682,537,1003,427,1500,823,916,2322,920,2444,829,970,886,782,457,944,560,553,1879,662,1025,450,1117,626,500,773,1883,589,715,1502,2320,1319,2093,759,1053,1065,1464,378,595,408,437,835,530,1983,612,295,628,944,1009,646,1962,793,713,932,2245,75,541,1915,961,2672,1136,1398,6,592,459,844,271,580,1853,903,815,568,1041,751,2125,2001,573,1304,334,804,1470,557,1019,927,2932,457,1258,1729,406,1732,954,3099,1231,461,2064,1260,569,406,445,934,473,528,361,474,1305,1350,496,521,1330,1648,495,1266,1630,284,691,1120,3035,1264,907,675,402,1150,493,605,1035,482,510,641,693,693,779,778,1336,275,991,859,308,471,386,872,1048,525,279,1090,1722,1433,1000,626,386,1328,559,659,4844,605,305,612,1189,1852,863,882,4265,294,958,582,1188,530,979,574,374,1094,1315,838,835,247,328,716,1603,704,1081,1025,595,613,707,1360,1201,1394,394,385,1094,562,1244,1058,1485,626,1790,603,778,1348,1596,743,795,976,1257,1116,383,429,257,580,512,433,330,490,1921,2095,684,2314,1719,1397,977,809,692,529,2471,760,1956,294,482,1380,995,388,409,316,263,509,908,540,940,371,1658,680,1322,1886,846,247,796,830,1520,961,414,583,758,538,488,467,1033,580,532,1763,265,153,1191,1230,1760,741,538,797,1911,1117,412,884,1403,2105,567,474,570,1876,411,837,753,658,734,917,657,582,444,1757,1363,826,690,1120,584,1231,789,417,893,1091,639,2327,485,587,1176,577,515,1303,201,376,1017,1274,517,863,608,250,1176,1074,881,574,3647,2543,847,1019,373,581,1263,705,522,513,1053,2034,374,523,626,1208,973,1395,898,1565,1055,609,936,1142,566,393,2587,382,1199,663,911,495,3427,1812,1467,1348,962,3200,2444,876,1392,737,1397,647,628,542,430,1398,152,496,672,1456,1948,1765,703,1895,1147,423,1696,1021,462,557,3106,997,1212,1835,464,1629,825,724,2956,1399,652,805,467,1500,1739,1690,543,449,868,737,511,2431,444,421,489,350,404,755,1003,742,368,2574,801,1856,395,1281,255,718,381,1617,2143,2270,870,487,795,518,1114,650,565,1656,789,665,967,1039,598,447,505,526,415,474,1534,940,621,3468,498,758,911,1574,699,1686,845,903,612,735,525,375,333,666,905,358,29,570,566,1506,2319,979,1335,890,595,2580,1805,521,1485,554,1185,805,1099,553,383,784,5252,569,1262,722,1013,1838,2005,1036,784,870,163,1224,1009,395,3000,683,393,238,413,3371,387,1293,752,1662,877,4720,1428,1603,735,649,449,1247,243,511,658,1062,1082,793,3411,361,1043,535,1080,874,1540,1163,281,617,409,1236,1609,1956,1071,315,2533,1289,2176,631,400,1803,512,573,1329,434,656,638,534,2118,1128,330,274,1180,675,797,364,322,1282,1440,686,2349,309,863,774,285,446,653,658,807,844,665,1188,729,312,493,2202,561,1008,355,1241,642,295,1712,251,411,1161,739,579,694,450,575,2172,359,1058,958,1397,1074,735,770,1525,1372,467,352,799,394,403,437,1333,950,951,1465,455,495,529,838,844,612,487,543,963,1507,1239,724,853,3275,750,1121,676,719,1248,858,513,1688,480,522,549,900,2612,831,1298,385,311,629,363,731,279,1551,388,1121,633,2454,1283,2923,749,831,461,750,356,787,896,830,753,609,392,1261,854,310,848,742,656,924,792,765,791,1277,565,584,408,2717,1760,325,1361,733,2970,1163,1180,321,290,911,579,511,611,1741,1306,387,154,425,1199,275,1879,1695,366,1091,250,1045,787,697,231,292,777,1006,582,353,1371,1096,407,859,1279,394,426,648,381,1953,598,488,818,1507,305,477,709,808,346,466,895,244,595,1298,771,2143,377,507,1076,2021,1715,1350,1116,278,366,392,372,310,934,928,1615,713,729,144,674,3760,1496,503,282,3385,2561,1130,744,2164,580,194,496,420,1505,863,340,938,348,870,205,1442,1571,1092,840,621,906,2005,2091,939,412,178,684,374,294,1001,1170,503,467,322,439,496,671,420,183,265,620,303,792,995,2066,990,444,481,25,916,287,1687,791,802,504,703,2149,1667,1343,1431,1253,323,503,701,577,3,1742,479,1200,567,1998,369,1019,908,362,1109,890,1004,520,888,387,1808,928,434,382,303,853,598,805,156,1401,311,266,1370,244,465,243,628,372,2158,253,570,935,1363,831,500,200,1570,1271,459,552,1420,1321,383,699,526,622,1065,514,354,2006,353,310,237,826,1508,2078,617,306,467,2368,3785,343,463,349,458,876,1724,842,502,1284,990,977,859,1028,341,624,816,577,1181,354,454,410,978,710,4216,1145,1188,542,389,379,542,332,2649,316,8677,905,578,412,745,299,593,965,488,527,744,5596,1515,1683,368,1376,585,611,981,2037,994,747,1337,1139,385,787,744,970,961,382,819,1049,307,1111,2383,560,1074,750,695,417,1106,2058,2060,596,2006,1673,581,461,602,771,619,370,354,185,365,558,823,878,1973,601,838,566,1550,1768,365,1459,2513,2494,937,484,815,787,1698,2441,1503,502,639,961,920,519,1210,436,337,1001,3074,551,1146,753,1121,242,524,1856,978,2355,951,352,484,880,1508,293,2082,835,52,393,885,457,1458,870,676,1729,2998,502,267,1467,551,1381,857,541,1024,813,1255,707,678,589,360,1192,324,350,416,596,416,364,946,2896,549,666,1121,494,681,189,519,483,1119,905,454,677,1418,405,705,818,283,355,956,734,1215,1316,804,354,351,3032,1073,436,1382,594,1494,531,668,1254,887,762,292,858,275,451,1813,1591,448,946
21_RUNX1,375,1746,504,1104,1176,1010,698,947,916,971,891,445,3212,584,1004,911,1619,618,1259,591,811,2088,571,1868,1271,330,946,290,908,513,2430,704,1166,251,739,862,473,1833,535,1030,1890,3259,2250,286,2955,445,496,1302,299,771,2205,462,907,391,2151,964,898,265,1541,473,1002,1207,1265,451,2775,239,469,839,804,3085,458,990,323,1342,618,683,827,1014,364,953,993,553,1648,1166,729,1044,395,426,1478,1196,371,300,1285,2501,524,1607,184,645,353,763,969,1139,996,637,382,686,619,839,322,930,605,543,1984,1668,386,1365,313,750,745,254,1177,1831,1080,1343,1268,587,201,465,1698,1020,2306,392,1240,1084,408,1249,269,708,234,1475,496,1831,667,816,1357,360,361,422,718,1224,326,3827,1545,965,1914,886,1741,482,1938,1096,538,311,679,1041,484,2810,1592,675,660,1291,2908,1323,1253,671,314,589,575,225,537,1022,1689,1802,290,3218,225,511,1854,1151,522,1596,1115,1357,1273,290,987,816,268,984,302,4596,1739,876,3745,990,555,465,389,459,859,571,1627,1221,603,2140,235,958,1049,1283,618,956,1072,1873,459,852,1193,1065,1222,2835,510,1774,748,1097,1175,1057,794,185,953,658,1475,634,1294,309,579,798,592,441,619,466,1674,1196,1491,449,568,429,1425,1010,811,1129,365,940,523,357,627,552,1549,6033,818,1242,739,449,2264,918,889,852,464,1997,3520,771,653,296,1003,267,223,1143,762,693,720,1940,2093,938,567,946,1460,840,1852,863,269,591,421,453,447,359,851,976,1121,1365,481,413,525,531,1099,752,664,1281,1246,719,1602,496,510,1074,798,709,1257,737,1065,419,302,1069,392,1623,1691,2714,2936,708,1456,1309,953,1268,536,2393,1080,804,380,2799,561,4302,885,1317,1201,1422,3250,487,998,952,493,681,1646,365,881,417,661,919,754,646,1275,1472,2478,246,665,435,1202,400,388,715,1306,976,1051,556,305,1091,165,772,826,324,263,685,1408,541,530,558,484,643,1819,515,1965,804,1042,756,2276,730,863,1319,798,1262,602,818,1003,1389,1305,722,934,871,230,402,551,708,907,825,859,538,512,690,581,846,899,1204,1328,773,615,2140,4510,1155,230,625,535,1321,1625,294,1851,1235,1844,1036,1940,1002,405,2932,513,808,3813,526,1272,637,364,663,847,1529,129,836,2567,635,1137,352,799,1039,895,1537,318,1808,385,536,577,1418,820,840,357,1823,1708,748,583,723,815,558,504,497,1105,1215,453,765,776,799,1054,272,1527,572,424,478,465,609,803,1344,1745,1082,1454,1110,2218,950,1251,740,412,425,1407,294,676,1043,1003,747,574,857,809,450,714,798,509,1521,522,1140,1272,858,1368,773,445,528,2143,790,1412,1476,1112,996,360,1147,1488,3279,785,447,1165,2703,176,1886,205,183,1009,608,479,489,1408,733,3062,188,270,1826,329,805,1213,1012,1329,560,592,741,2697,2775,704,785,1289,342,1101,1022,433,1055,581,699,1394,794,1403,524,2384,2230,1618,920,579,1415,2708,3412,797,3957,373,404,367,719,1033,514,743,232,2529,842,1089,764,158,654,2337,82,1033,1281,91,538,518,321,830,2125,1711,825,1600,326,620,711,390,614,914,462,668,338,357,389,406,808,833,479,919,787,2801,315,1126,847,1777,908,589,3630,739,1379,405,715,493,549,1645,2372,816,778,558,1565,380,1539,406,2267,483,1445,974,1001,1787,390,945,391,1408,1071,401,747,1240,567,589,1717,1649,410,2420,1048,576,393,900,848,220,1052,338,742,671,1199,957,1140,151,1725,670,402,1972,1208,1399,504,1235,1502,337,595,1570,596,967,1783,475,536,548,566,435,527,1138,260,671,312,683,459,279,609,1457,429,2521,395,230,1294,1211,1199,480,2313,1236,1337,1405,435,454,1790,1489,497,2252,1882,926,1261,1457,1572,552,550,545,568,2202,1713,1334,757,1621,461,883,262,314,507,1073,137,723,695,624,423,1092,1194,3297,395,875,1549,910,854,736,1048,632,253,716,400,834,299,2276,336,213,1131,462,1557,659,484,887,1828,1163,915,1104,957,1543,678,923,243,490,3233,334,306,1475,838,1639,293,821,645,635,772,427,435,432,195,1208,500,1325,3422,2255,442,664,2773,3063,1880,1147,2209,936,721,588,514,851,512,1350,129,1602,326,1042,934,566,2362,214,2675,480,288,3084,1462,1346,873,410,416,802,878,1015,808,609,808,711,525,513,547,396,976,598,818,769,440,783,1179,316,2928,1417,1202,360,2793,3113,1701,1020,1162,2948,435,1626,443,650,702,997,1384,496,1133,707,615,911,845,1527,1675,542,177,651,1103,614,445,2594,731,339,695,653,501,488,682,406,794,833,464,2305,851,794,1242,512,833,516,832,3148,362,362,1084,2088,1817,1134,1855,375,1981,893,1506,501,1973,897,1347,1382,1111,398,257,725,800,743,835,1897,562,891,571,521,1363,457,783,829,1488,999,518,295,1496,1847,354,906,349,2057,2105,429,360,460,1038,410,559,872,1586,3376,168,1179,405,253,3951,250,577,464,623,1349,618,2421,513,526,579,252,1924,918,513,562,409,532,352,1061,509,1059,2026,1085,1135,1023,2542,702,2268,1028,773,849,353,1731,273,791,5351,943,1252,536,751,694,452,513,221,644,416,965,837,597,586,921,941,1427,313,547,356,3140,471,1350,688,641,481,702,788,433,481,505,1422,875,402,238,625,536,1252,2050,1030,601,393,944,740,383,991,818,1002,270,427,361,1410,1064,1344,1091,1409,620,686,1188,743,923,142,853,1057,962,1805,466,580,1889,686,562,1640,378,428,898,1315,1044,1251,1391,1259,736,1394,218,616,233,369,894,288,247,441,918,259,467,1890,753,1372,463,1846,591,910,436,1975,1107,716,1243,767,924,842,1216,1138,2323,1302,1584,664,930,726,1035,1526,278,348,346,973,779,1118,1117,150,878,1239,416,1279,564,2104,564,720,1529,211,844,1228,1056,335,481,926,257,405,778,717,1514,295,699,495,826,2576,1445,577,904,2336,732,2955,796,391,810,631,1967,828,347,895,819,2268,563,496,1310,202,396,713,1583,444,310,1043,979,970,649,2090,410,401,1105,465,1428,1526,325,1077,1072,1345,576,3054,2823,1142,1421,1349,2546,477,217,297,591,522,3608,495,432,665,2480,2415,594,2105,261,1848,1038,407,186,2248,326,1177,767,510,1343,498,1920,1128,998,800,810,1048,462,168,326,3265,806,557,373,250,343,1542,495,1008,985,219,477,649,856,1731,1135,464,1298,686,771,435,1384,385,1684,310,378,2263,1037,319,589,555,650,997,496,652,669,826,171,727,751,3356,787,859,1131,1796,1266,1448,1410,426,1543,557,511,678,457,1312,580,640,2365,407,2607,648,384,1050,1275,2311,1241,421,277,227,371,549,416,214,1161,538,1147,569,753,657,953,424,505,1608,3141,1130,1559,449,337,500,2226,444,364,737,265,1991,318,746,384,1500,1410,309,1114,374,858,2564,1583,2542,739,472,561,384,806,5158,753,1006,331,870,452,746,558,2050,251,489,710,475,1186,298,639,672,3053,1313,1222,185,1411,224,1130,1056,2111,826,389,1532,252,1510,270,703,419,990,181,1634,1213,102,600,397,358,1032,584,344,867,466,1465,1046,1742,419,318,1154,452,1402,1062,473,903,365,487,2411,1864,749,232,819,1257,326,188,538,804,1113,1109,277,802,1360,857,937,840,852,766,581,291,293,786,1633,1871,1786,328,824,323,1124,384,529,535,911,641,878,480,234,296,682,625,571,1382,218,585,373,5054,1620,1114,987,663,552,451,1704,451,961,389,434,604,623,2281,1461,299,832,233,1053,1986,180,1210,547,1372,434,805,713,3245,925,1306,698,411,1257,1639,732,932,360,1477,634,603,248,469,877,339,787,683,693,453,301,547,427,652,1315,783,596,825,589,2746,185,506,1633,1359,643,369,1270,1561,789,887,769,1013,1351,977,471,709,401,1162,866,405,1113,1310,1899,1511,643,2859,724,620,631,461,1032,2138,2501,1830,1847,2313,491,1859,1141,1103,152,378,972,948,380,900,664,1459,1232,646,530,626,417,318,1138,289,515,628,1907,1125,169,953,1237,556,1090,353,1890,413,1916,905,762,519,1204,1376,2340,646,1084,1066,616,1129,510,356,646,382,834,521,2350,485,976,957,1283,1136,542,1486,542,849,401,317,737,737,399,323,1897,490,1424,197,667,2740,2316,644,1571,1419,1751,385,196,677,566,610,1545,759,502,575,1379,310,1581,536,623,1794,613,2367,938,3441,1375,1576,1247,1357,1019,940,2032,653,1889,1353,3414,279,1661,1121,1380,947,763,541,1850,861,447,348,485,1567,546,481,1866,1302,933,1765,316,1065,2513,957,531,438,924,786,409,1061,1000,579,458,244,3526,569,569,1029,869,1074,407,344,413,745,518,1362,1254,694,417,1012,3062,645,449,419,1278,2276,1343,234,470,477,1554,575,578,3361,708,1662,492,1484,446,826,709,741,2170,909,3033,929,619,723,353,514,972,528,354,3465,412,2478,453,1051,369,281,1404,1456,1284,329,1279,2384,1171,2245,787,1163,940,1855,556,627,343,587,385,317,2215,257,345,227,760,817,537,1788,803,887,551,2030,409,571,2884,564,1797,685,895,1595,201,587,848,281,735,2579,701,943,402,1185,907,2523,1511,1091,1565,282,682,1190,1375,1339,785,2375,470,1316,2676,251,2028,1020,1851,541,252,2446,774,356,507,588,869,910,410,645,459,2427,1653,804,727,585,2756,421,849,1210,1056,723,928,1354,663,777,761,526,1056,474,545,1148,415,673,906,515,753,695,377,1852,544,872,819,427,1284,469,933,1146,820,365,848,2032,1979,895,559,578,1485,448,1093,3777,925,441,733,1311,775,920,706,3398,538,624,930,805,387,580,635,237,1040,1728,1167,491,751,178,1189,1505,1026,927,732,360,423,557,1036,994,1121,610,407,999,487,1582,1081,1254,694,2177,512,1512,1142,1860,545,980,1129,838,770,408,1071,424,717,566,509,324,501,2195,1722,359,2980,1786,1475,626,447,427,213,1956,677,2116,663,664,1331,1352,506,425,560,436,985,615,1112,1270,357,1606,714,1067,1702,1113,169,972,862,981,674,505,270,556,759,604,517,1124,1249,193,2830,436,686,1279,1007,1713,305,1007,805,3202,2950,376,872,2089,2084,342,605,506,1946,316,750,541,245,402,842,796,480,1422,900,1896,524,591,1200,679,954,662,469,1268,1372,519,1198,339,328,889,661,581,1398,387,418,993,762,577,518,327,783,1325,1986,864,1905,2891,2570,1093,476,160,653,1558,452,761,1281,625,1490,505,445,543,1131,588,921,828,2123,644,590,851,1076,334,919,1460,545,855,513,826,615,2971,1295,1661,1573,518,4466,1894,1552,1598,465,1537,355,996,171,132,1705,507,1329,572,1750,2031,2228,384,2502,841,530,1067,752,486,533,2683,986,952,1285,307,1993,692,986,2432,3222,965,999,215,2103,939,1248,260,618,534,773,1342,2571,284,438,754,311,444,1158,1782,547,166,2112,1189,1907,647,1925,510,901,475,1550,3879,1128,938,1020,930,541,1116,846,1041,1555,1113,428,936,1213,481,823,561,1780,272,551,1477,889,657,2076,935,821,740,1860,610,2282,370,1060,442,1439,539,861,328,937,772,412,1050,252,155,1565,2556,1143,1840,1115,320,2168,1558,353,1350,388,1345,820,964,261,980,1280,3749,625,1556,1528,984,976,1790,1425,707,544,815,1247,424,457,3252,776,435,693,590,2640,1223,1266,1248,1559,1128,4227,1910,1369,436,303,299,1159,235,349,392,1651,428,1444,2005,256,1166,477,766,1210,1409,889,374,574,447,921,1015,2306,783,437,1667,2110,2053,1414,414,1854,483,374,1148,504,1642,473,1038,2328,1465,328,187,1378,474,1939,471,612,714,875,676,2117,669,383,865,553,300,790,864,633,722,556,1256,1086,378,607,1197,1391,401,489,887,572,540,1574,216,220,1311,1879,476,397,228,1119,2049,1039,1287,954,624,1041,1261,369,1313,1525,405,302,854,554,330,639,1385,1092,883,1810,383,592,680,586,546,704,241,141,1175,1722,1762,853,918,2543,956,877,602,825,1681,893,626,1035,249,412,690,620,2194,749,952,1149,356,235,146,556,282,1821,330,1116,431,2243,883,2802,972,749,370,401,364,368,1062,718,800,395,358,1230,664,221,1003,1630,1120,764,1827,855,586,1466,466,752,420,2413,1465,229,412,713,3134,964,646,259,585,1204,277,477,1449,1899,853,215,564,337,374,609,1338,1640,831,1457,396,944,1589,717,611,753,834,1278,536,507,1261,782,703,655,2018,521,383,586,600,2151,910,639,736,961,451,294,527,1211,666,444,979,338,407,906,1093,1021,548,807,1673,1458,1403,2238,1045,739,678,329,578,377,975,1680,1632,764,266,360,775,3423,677,830,462,3581,910,510,651,3492,543,530,517,424,2630,1055,426,590,545,1873,381,2385,1637,1094,1211,687,444,2255,2546,1078,273,1107,816,1007,269,1273,1348,312,761,527,730,516,782,1087,201,466,1507,407,950,1009,2403,1046,330,493,675,1098,564,1424,1018,626,1180,1027,1861,1750,757,1720,849,656,525,385,939,752,1800,454,850,419,1575,480,671,618,218,1067,1569,368,1051,1623,432,1226,756,637,618,249,168,346,671,285,2228,351,451,1011,434,502,537,505,895,2223,374,495,714,1550,686,579,457,882,1038,200,530,1648,1613,498,827,129,312,963,630,349,1833,224,388,361,826,1186,887,1010,372,394,1426,4192,239,376,168,567,866,2477,642,393,2251,1023,1037,880,1501,316,413,899,724,942,302,377,330,706,506,4227,775,1713,616,184,301,873,392,1823,545,6329,1071,715,312,406,480,614,872,1109,886,993,6113,1183,1331,500,1454,407,866,1247,1973,1042,581,751,1372,392,863,868,1207,714,657,467,1237,736,888,1503,720,814,468,525,535,1917,1904,1947,395,2249,959,738,362,918,787,384,305,407,357,952,356,665,827,1444,785,1225,396,1490,1714,503,1388,3059,1071,427,598,948,969,2721,4,2495,296,1000,845,1122,647,2172,1224,709,700,2061,949,982,827,1839,340,406,1458,960,1695,815,279,182,276,2193,290,2301,760,468,592,1231,787,1640,614,758,2318,2644,494,755,1230,203,1867,911,339,1226,862,633,657,395,770,227,618,466,491,383,434,381,338,1028,2128,578,403,699,1066,716,240,556,393,790,316,466,691,1261,176,317,293,238,596,1716,761,1181,876,784,625,492,4122,1626,971,1268,477,2478,1741,720,1173,511,639,252,805,570,658,654,1199,788,739
21_U2AF1,200,657,174,214,246,230,325,151,365,311,147,125,529,292,433,88,679,175,362,118,807,536,253,450,440,62,22,99,104,630,884,559,282,55,99,199,164,594,267,248,561,839,1073,256,1608,104,159,528,55,148,581,306,1145,271,526,322,215,91,652,115,153,413,530,76,1308,164,217,63,290,1390,152,531,106,289,216,335,231,156,171,615,262,35,342,320,286,292,122,155,622,309,132,69,104,1123,105,566,69,156,358,190,442,441,253,339,97,26,154,363,128,321,130,153,829,601,288,741,70,51,323,101,573,535,323,442,398,386,106,258,750,342,736,29,444,520,79,553,126,419,69,253,186,718,202,323,608,166,77,123,247,381,44,1462,537,199,891,668,81,132,407,402,214,35,142,162,233,1379,749,237,89,660,1168,211,324,262,212,146,102,211,182,392,226,855,157,1844,122,103,896,389,251,395,188,898,381,136,283,320,89,368,111,1521,174,294,1384,294,97,164,0,112,348,123,702,432,145,586,45,407,248,73,210,343,384,825,84,365,365,309,113,1067,182,411,277,798,492,416,433,204,21,265,528,263,752,179,87,185,330,90,173,112,514,286,359,147,126,37,348,446,361,259,152,306,53,109,197,178,583,1014,206,360,364,234,805,63,276,499,264,599,1258,308,226,76,246,137,201,192,193,255,224,632,924,266,312,303,528,332,741,371,13,469,464,238,101,155,323,158,427,319,132,20,258,197,571,235,154,489,498,544,920,157,205,311,242,136,389,332,738,162,81,136,139,628,716,1068,23,70,349,277,347,250,89,854,477,207,2,842,272,1377,328,415,452,886,1256,199,408,524,141,1,755,81,368,134,421,403,216,130,385,650,373,59,257,55,477,110,215,316,855,396,500,361,120,173,47,151,212,72,36,114,291,232,90,137,158,278,290,187,406,357,432,376,839,702,477,641,193,315,211,565,440,637,112,128,286,348,236,104,166,110,178,396,294,253,199,126,179,363,230,481,712,283,277,215,1346,449,39,379,305,407,469,165,641,201,494,226,255,206,57,727,55,302,1187,80,399,201,184,275,352,465,74,170,362,229,245,63,183,501,337,792,169,639,46,128,170,404,521,502,287,426,398,101,147,279,234,316,229,164,667,280,2,284,276,369,306,105,455,301,150,339,318,255,300,1262,737,235,338,391,602,359,233,273,149,143,794,55,218,313,11,122,500,259,247,253,252,284,179,445,50,420,940,511,472,462,141,403,750,150,345,285,422,473,87,287,132,619,265,260,596,975,368,810,174,158,279,161,161,146,250,487,677,53,0,610,21,523,461,213,377,202,161,197,854,418,209,233,636,167,357,354,155,114,204,143,420,567,658,189,1140,901,10,161,171,533,665,1084,291,1233,173,152,114,738,396,207,252,99,787,176,456,366,50,598,1175,77,244,557,97,118,97,160,375,541,446,351,345,119,340,284,168,259,345,130,157,61,281,8,92,197,347,373,405,241,1022,177,435,270,664,116,240,827,168,80,227,190,207,264,438,1196,161,131,256,999,148,334,243,674,91,500,458,375,767,86,315,34,361,336,185,392,266,261,63,744,507,127,664,777,324,84,220,289,261,551,93,249,94,386,391,507,28,838,165,145,644,390,549,204,394,584,217,166,636,150,392,620,163,280,112,618,65,138,418,75,268,148,403,145,90,240,477,202,954,69,141,224,221,608,174,342,549,517,206,42,108,395,360,264,1475,918,304,741,521,552,141,137,110,155,428,550,399,224,157,120,299,111,152,63,279,18,238,320,135,73,329,178,1159,310,540,532,522,190,171,50,246,86,143,238,315,198,357,94,129,202,143,359,259,157,247,439,369,335,226,280,5,354,198,32,114,1002,145,208,1027,254,265,43,215,145,173,293,102,46,157,202,422,142,348,1071,698,183,371,727,992,838,216,1618,454,140,197,161,190,210,273,183,772,96,434,359,96,676,23,820,131,71,949,504,741,463,361,102,434,840,372,253,264,251,150,284,64,193,304,330,330,216,263,121,377,343,122,971,559,305,3,281,569,601,294,423,71,264,644,217,134,226,435,700,221,289,409,210,109,286,431,430,209,68,202,349,288,176,504,367,71,281,162,174,81,369,126,254,346,55,1236,348,336,527,237,422,179,504,658,265,34,374,777,1068,266,930,187,620,145,516,113,548,264,478,528,234,145,114,419,144,178,208,742,162,618,150,268,1216,231,465,195,237,499,291,179,851,668,190,246,135,920,285,244,159,179,327,89,85,256,290,770,147,508,392,130,1214,117,135,246,208,578,243,735,236,125,171,0,787,116,85,54,189,373,263,363,175,342,999,470,534,652,660,376,573,132,139,410,172,806,56,189,1900,273,155,132,268,135,185,55,49,186,57,419,429,643,253,191,423,206,172,292,87,1070,190,336,233,394,112,142,184,41,214,44,225,143,144,39,210,207,628,1122,432,186,160,436,400,286,550,503,236,109,41,164,419,233,677,528,758,397,914,758,183,242,190,195,1,515,829,189,186,648,286,262,689,732,163,334,538,491,656,281,554,217,136,90,50,91,110,611,83,63,68,298,51,179,623,154,439,244,644,312,90,164,818,813,237,225,271,437,414,683,726,1166,390,650,188,285,191,506,476,115,98,90,357,257,639,513,183,369,309,186,405,18,515,147,308,448,162,304,373,132,34,85,422,151,233,114,259,515,99,160,219,245,374,659,44,236,657,203,702,397,224,98,183,698,210,188,313,291,845,129,136,294,53,3,160,405,108,128,151,412,257,251,483,119,103,399,145,322,376,143,106,272,443,171,1118,1374,266,517,952,1014,57,134,18,152,196,872,196,97,246,1451,386,211,395,94,441,414,109,20,703,125,205,123,25,419,141,837,15,311,387,253,258,171,108,85,1207,192,231,66,117,77,488,186,397,445,107,250,157,281,602,165,181,321,344,120,170,667,71,386,104,196,1000,641,19,130,248,289,521,215,172,149,290,76,381,142,731,96,303,425,1322,415,525,574,200,126,312,140,126,29,514,158,110,885,152,500,377,236,528,600,1223,300,12,84,73,108,296,341,128,559,304,202,23,283,117,574,94,73,364,1397,358,719,130,58,165,471,114,203,7,80,828,139,311,128,347,629,70,665,61,477,1028,1018,1286,139,56,167,157,210,2026,81,290,160,248,225,222,41,697,37,153,228,147,291,162,189,340,880,401,418,83,400,150,516,325,784,191,119,833,103,497,19,89,97,681,30,634,219,152,229,58,177,396,146,233,315,98,597,227,442,123,170,204,115,424,563,161,479,96,108,657,362,125,151,348,357,96,80,92,150,331,265,156,376,672,508,251,289,5,151,254,120,67,512,517,443,125,96,150,146,1510,82,179,251,473,209,58,98,181,50,303,320,59,237,82,232,222,1295,861,576,373,445,135,150,341,190,16,160,202,124,202,831,304,124,107,74,559,785,147,421,278,172,62,50,203,1231,329,372,396,140,340,568,136,176,77,321,308,388,72,293,215,113,71,101,134,64,126,200,264,191,621,133,409,325,130,1010,246,179,331,514,219,130,618,842,247,221,247,391,748,52,75,343,225,669,299,249,512,323,349,228,165,680,165,358,288,253,639,301,830,480,548,293,284,480,5,253,34,197,410,276,130,336,325,936,380,161,150,251,286,180,397,97,109,345,784,504,30,8,448,93,200,154,584,124,783,463,439,150,438,585,782,146,242,275,105,692,178,142,268,266,316,189,1565,227,688,243,351,770,49,46,78,323,267,3,172,336,201,117,317,177,302,21,275,1045,1620,367,565,355,593,222,116,235,251,340,758,265,131,113,662,206,453,220,118,626,277,601,176,1152,504,302,267,579,246,237,290,300,591,400,711,203,647,294,615,71,284,190,523,228,132,117,351,426,344,285,568,720,773,830,129,279,831,38,329,135,142,318,118,484,524,162,271,131,951,93,303,316,195,440,83,127,84,286,129,340,546,119,74,237,917,194,212,144,532,907,671,98,109,315,772,317,294,1117,168,538,148,580,116,599,352,193,789,72,747,296,406,475,327,32,412,10,191,1111,77,559,221,447,96,22,477,376,312,130,610,997,774,1089,100,530,491,444,152,229,85,238,355,202,802,40,127,92,462,109,130,861,275,319,164,618,294,164,946,166,244,324,150,536,430,122,226,73,153,902,192,50,176,337,249,312,472,571,300,149,425,357,303,590,277,1199,80,371,842,61,633,309,659,360,182,899,422,65,57,207,288,385,147,120,152,226,1003,208,269,377,433,143,266,362,170,183,163,901,418,212,127,97,516,222,101,312,308,165,268,112,255,160,203,818,207,390,163,185,336,161,157,286,280,80,183,839,466,346,358,181,718,42,292,1109,138,271,181,412,233,232,260,1005,260,40,402,278,146,172,157,280,156,245,195,169,78,61,214,388,195,442,493,109,161,154,150,288,395,376,213,83,123,302,535,492,171,714,246,558,535,541,228,374,289,496,367,181,532,59,201,27,35,125,249,820,277,212,1007,598,782,93,242,174,301,409,343,716,241,157,522,485,340,96,290,223,454,223,631,503,139,464,265,333,87,272,59,354,215,262,323,76,39,186,160,270,115,124,527,118,932,213,561,642,141,1203,162,473,301,1359,886,78,357,581,628,124,137,238,1211,126,325,321,231,192,210,26,168,232,748,526,216,372,267,225,505,332,217,181,326,121,231,104,133,382,153,79,463,0,102,374,218,352,162,207,173,244,637,92,498,613,747,540,187,165,296,122,130,51,395,426,616,83,157,420,364,196,306,180,398,223,256,265,594,265,221,392,247,358,108,237,207,754,291,441,290,155,1154,409,454,724,150,814,123,91,81,167,437,137,234,125,814,647,628,256,769,229,137,640,245,248,338,910,217,226,588,120,602,99,363,672,987,196,391,68,502,29,58,112,204,275,201,243,618,217,200,192,99,167,529,501,428,55,916,204,813,166,936,96,245,45,296,812,823,447,63,352,102,359,537,271,599,329,188,393,326,110,126,113,464,57,236,173,225,403,929,319,175,384,625,414,629,198,146,265,212,202,293,86,260,296,183,676,312,23,626,689,371,300,238,125,629,467,123,424,142,738,154,314,36,344,219,503,443,1023,188,162,606,567,429,329,267,226,732,59,9,1220,193,85,215,229,1220,375,461,287,615,306,1472,3,510,215,358,129,505,176,121,195,664,160,340,1040,93,389,262,263,510,582,481,12,207,106,397,615,805,396,81,605,341,751,404,177,423,63,259,524,157,529,304,384,794,293,80,230,396,24,284,166,164,309,370,120,771,369,253,366,352,178,13,316,299,357,281,348,166,15,73,801,705,500,219,448,185,78,389,12,100,609,421,103,174,108,116,348,476,312,534,252,261,470,135,372,650,88,145,321,116,165,258,563,254,428,826,116,168,316,399,479,290,88,136,566,499,374,385,351,820,310,203,258,330,254,315,93,994,120,103,145,264,696,305,421,122,207,202,38,218,220,477,25,433,174,1245,351,308,112,119,203,261,129,212,265,347,226,231,90,587,95,128,152,562,776,309,235,463,199,498,150,184,154,485,883,86,103,349,1667,352,357,116,220,184,267,127,550,639,294,70,93,204,262,397,581,619,304,346,51,171,456,100,95,224,252,362,169,117,580,394,159,281,944,128,191,162,201,764,179,292,174,306,123,123,234,512,201,116,228,68,203,371,446,227,232,151,825,510,723,615,471,186,187,62,48,125,216,555,710,216,232,230,148,1908,456,329,260,1542,856,463,281,586,183,182,137,56,638,289,132,197,163,620,197,585,523,666,552,248,270,873,721,368,65,444,268,478,195,279,455,130,263,70,74,229,300,183,20,404,606,136,650,140,1275,759,101,99,146,377,154,612,58,196,490,525,1028,499,333,1350,219,264,164,161,153,155,748,292,480,142,658,151,218,191,77,610,349,51,322,237,187,393,207,176,245,165,191,54,377,99,516,144,99,452,152,143,198,76,421,1233,169,144,164,488,315,204,180,294,597,117,178,368,749,190,607,143,378,407,289,56,303,83,41,209,327,403,561,426,1,160,772,2032,99,104,133,171,379,428,363,241,531,522,400,170,656,239,287,165,150,192,200,127,99,490,115,1614,93,181,99,60,237,256,42,531,225,1575,312,242,49,348,216,179,434,380,231,366,2221,209,569,196,620,181,239,612,709,305,652,24,391,166,538,154,476,46,140,144,398,373,447,392,240,298,190,185,141,678,692,767,192,324,550,257,146,218,368,139,87,177,89,154,153,268,380,717,225,110,146,409,851,137,301,1161,453,439,274,33,434,1112,225,656,90,366,469,441,154,401,344,178,486,782,285,662,161,886,117,227,391,531,474,148,171,58,57,520,110,544,261,186,262,275,315,388,134,232,944,1270,157,105,370,126,544,480,174,331,283,302,155,382,150,161,327,181,68,99,252,243,143,485,848,151,216,323,298,298,182,138,138,333,86,245,387,551,101,186,40,135,41,517,188,520,383,116,274,193,804,421,470,173,108,739,455,348,202,229,184,115,325,64,286,405,363,160,276
X_ZRSR2,795,1837,1386,772,1195,1779,691,1145,962,1269,295,368,1787,1272,1288,1424,2699,56,1554,430,1346,2504,526,3072,723,499,1516,509,418,1388,3893,960,86,568,871,410,703,131,835,3038,1806,3443,3177,1193,4014,482,395,858,639,1136,1632,1295,1738,354,1153,1194,1715,242,2830,1217,703,1350,1292,588,3099,650,576,617,95,4641,1043,624,284,1817,547,1311,2069,1498,676,1013,1473,669,1810,1967,954,1952,586,705,3158,1051,522,513,1147,2772,760,2364,350,402,1442,1384,1749,1843,1161,702,436,1002,666,847,573,1656,81,460,3234,1809,67,2813,363,145,1487,647,1648,1692,606,1516,2195,980,728,582,2501,1242,2177,6,2874,1646,877,1647,1166,1097,482,2115,97,2492,774,261,3523,585,542,1165,1612,1151,448,3561,1910,1406,2126,1245,917,499,2093,757,833,129,333,830,595,2900,2179,815,823,1722,4374,1109,987,553,707,1153,765,625,457,1808,1060,1745,649,2769,229,467,3457,1745,167,1229,793,1307,2181,629,1296,1086,838,712,511,2322,1788,884,4065,1780,368,699,1256,661,622,462,1787,1964,503,2862,572,1733,1419,900,1628,1444,1633,2044,551,1914,1421,2618,1276,1904,430,1071,1799,2322,968,1740,1180,884,499,1351,178,731,1500,721,752,181,642,617,532,139,1864,1415,188,564,386,1045,785,1385,2262,705,497,618,394,309,645,812,1212,4981,1570,1800,1036,722,833,1508,1034,780,814,1547,3063,774,364,1661,1051,460,616,777,1469,1189,920,2256,1922,1622,735,882,1352,1019,1749,1784,535,2122,1256,711,411,878,1809,1848,1964,746,439,715,570,600,2257,902,732,2654,2221,1434,1538,430,347,834,850,412,1028,783,1275,614,360,435,1278,1229,1624,2331,3110,513,1805,8,1020,992,1029,2889,15,1240,779,3904,651,6472,1251,1632,1494,4081,3990,359,1232,1791,846,429,1210,701,1445,28,1484,1433,2196,397,1155,1360,1796,535,695,695,1031,584,832,805,1618,1808,1600,2357,492,1287,666,1252,1122,729,339,900,1175,759,36,585,591,958,2086,431,2716,1229,1895,803,2692,659,1024,2303,205,1120,629,1928,1680,2182,302,703,703,1016,702,553,766,770,932,39,1293,605,225,441,633,1025,1740,850,2283,1008,1261,1728,3159,1150,20,1137,681,1300,2055,621,2687,1016,1454,679,1619,677,10,1686,876,933,3000,421,1704,997,613,1243,1297,1492,631,761,2158,967,1928,952,467,2141,662,4843,503,2037,668,1250,986,1302,1048,1899,937,1714,1637,608,946,1081,1898,1050,1190,1153,1280,1317,869,642,1439,1251,1232,512,1661,779,377,1267,1203,1065,1539,2551,2556,1307,1776,818,19,724,1397,923,556,71,2394,559,1454,965,1706,592,2186,1615,632,476,1423,1166,686,968,1298,1352,2015,2621,1290,1558,789,1551,693,537,1949,3,1320,2210,361,2005,1297,3077,1184,1802,2070,1904,1079,2687,614,542,1310,999,767,582,2848,2057,1601,647,56,1573,468,1931,1835,1281,1420,877,970,688,4655,2023,1278,740,2166,260,2064,1806,694,1060,692,1229,2862,2065,2095,598,3308,2788,2002,1199,704,2571,2206,3670,653,826,46,384,656,195,2626,651,672,581,3125,1985,1961,630,545,406,2845,835,936,1240,32,1015,454,457,628,2476,1554,1369,2636,578,1459,929,870,527,2334,542,762,471,901,1024,977,625,580,836,1504,987,3454,397,2549,727,2193,771,1061,3503,1001,1128,506,787,701,2326,2565,2616,795,508,421,2357,799,1540,1228,3274,632,1519,872,2122,2304,781,1409,155,2368,1691,360,910,796,909,616,2308,2213,1678,3741,1547,1519,402,2148,1454,494,929,596,1656,176,1364,121,345,307,3432,665,686,498,1676,2053,861,1333,7,326,677,1690,871,958,1550,785,1061,1575,1526,702,892,1776,464,721,613,640,467,542,1073,1258,1359,4727,398,443,965,1557,2487,930,2269,1167,2901,1140,663,1171,2157,1722,861,4488,1948,1947,1987,2141,1750,777,702,378,2058,1394,1806,971,1643,985,738,1147,563,933,512,1089,473,455,794,448,543,1741,1795,3822,400,2843,1719,1408,632,794,1476,398,656,1120,408,1080,360,1504,523,935,974,406,3275,916,430,77,1631,781,454,1005,1416,1794,1522,2022,460,696,2942,587,431,2649,899,2506,806,1340,87,717,206,946,1230,1020,628,1669,607,943,2586,3302,353,2111,4276,3248,996,2529,2547,1539,1215,1855,648,1492,660,2353,66,2151,1386,1022,1520,403,2053,846,4276,443,221,3188,2109,3362,854,867,547,1526,2076,1460,561,526,1059,1211,767,494,561,1241,1101,820,383,903,928,370,998,403,2252,2378,1018,676,3033,2572,1610,2743,3091,3072,602,895,821,1155,924,864,1928,1965,910,844,876,3,1046,2318,3106,821,367,1493,149,1054,496,1901,1356,708,792,773,756,600,1010,461,1348,925,842,3239,917,751,1236,737,1496,1039,743,2487,928,561,1423,3016,3975,1196,3146,549,2289,1710,1715,366,3236,2533,1618,295,2050,769,456,1602,1058,375,1236,749,1004,1900,437,607,2774,886,2624,958,1663,1666,854,1185,1363,1088,178,1552,454,3451,2327,590,884,558,1065,316,2,1591,1939,3217,171,1587,808,862,4391,507,1166,861,674,1460,680,1654,1472,454,360,357,1626,894,1026,614,459,811,650,2114,1090,838,3000,1245,1571,1702,3298,436,1755,1249,106,992,824,2644,581,846,5145,1538,1507,523,816,513,710,1086,592,1202,36,1333,997,1311,1137,1034,1201,2397,108,1143,1112,2722,1480,2240,669,686,1352,955,819,706,998,408,1637,1027,739,379,533,827,2408,242,1042,1142,678,852,55,672,1947,1401,1076,490,817,714,1706,1050,1991,967,1940,1747,739,2658,1206,646,829,926,884,240,2385,617,874,2638,1660,49,1828,2154,1119,826,1806,1662,1436,1878,1367,518,1661,761,533,46,591,866,620,694,482,1957,469,1078,1893,1057,2216,781,2929,914,1267,1215,3562,1781,444,833,2185,629,1088,1827,1970,2545,2266,2316,1190,1604,651,1422,2295,575,944,734,882,1671,1458,1491,688,705,1478,627,1531,1144,2631,583,1171,1103,701,475,521,1505,590,485,1643,843,469,798,1356,2175,588,95,872,1316,1926,2995,879,1116,3158,1076,2781,1454,717,862,1465,1589,876,168,1272,1879,1055,1966,820,1214,565,847,874,1517,907,980,1387,1279,201,1786,3164,607,546,2153,328,32,1709,360,926,1688,849,1345,3083,2010,1743,2060,8,4297,341,643,236,705,782,2950,292,885,1526,3091,1798,40,4082,446,1723,962,675,101,2125,536,1448,1206,876,1643,522,2800,856,1036,1237,1108,1103,507,439,572,2754,1081,661,1054,357,558,1118,1289,1700,1039,305,1430,91,726,2413,1826,512,2243,915,18,457,1582,479,1621,334,4,1094,2464,705,555,289,1303,1454,1176,774,1796,981,817,1046,703,3877,668,1464,1803,3019,1948,3233,17,536,1576,956,1081,690,349,300,479,919,1827,581,4145,1666,1192,1976,941,2555,2131,381,677,160,699,199,1328,1458,1557,940,1390,883,1152,866,1289,337,510,2024,3091,970,1888,354,472,803,2619,483,781,544,458,2057,549,288,555,1484,1549,658,1203,403,1099,2452,4805,3573,1144,662,903,786,1135,5615,1030,686,519,1368,637,810,1150,1900,423,740,565,383,742,691,694,1109,1846,1763,1299,69,2542,733,1855,1266,2093,935,689,3033,589,1114,465,1554,592,307,489,2951,775,636,757,358,293,1250,640,661,914,505,958,1209,2216,403,1124,2378,526,1555,1870,509,2900,686,892,555,2239,913,686,883,1036,217,388,443,910,773,1337,350,496,627,1111,1263,1611,1712,894,408,401,457,1185,2156,2018,2382,513,88,846,5511,816,1195,867,1297,432,1122,448,942,726,1462,641,414,2061,623,711,403,4395,199,1116,853,1726,597,309,2018,522,105,599,1458,791,886,1556,1076,593,1115,562,268,2164,256,113,602,1166,387,1342,676,4644,1925,1978,1287,1580,1280,1971,896,941,778,1288,1275,886,660,1025,1216,796,608,720,281,569,450,941,937,1549,345,1377,270,2215,612,3150,1377,848,1089,1437,835,857,1264,1752,1345,1387,1684,1415,69,1733,1346,19,710,2054,866,1005,1268,1737,2802,3363,690,2138,1091,1242,1117,715,31,1807,3027,2035,1200,1502,1141,3415,1917,828,602,591,1304,1618,405,167,448,3458,2238,747,587,729,492,277,1152,448,721,663,1862,1656,1681,800,943,349,1790,776,1527,627,2232,2082,1128,629,759,1426,2013,1868,2067,1325,857,1578,553,476,771,133,695,532,4730,838,357,1025,1194,1588,587,2655,499,549,577,1539,1079,1108,610,526,2509,1161,2283,525,689,2320,4004,1132,946,2348,1382,1433,463,834,623,1129,1416,1178,643,473,2279,344,2275,1276,475,2581,1007,2665,1179,4418,135,2080,1484,1122,1064,1145,1970,959,1887,2734,4046,758,2358,1343,1509,653,1397,594,2734,984,1172,679,770,3118,630,755,2690,2161,2054,2422,25,1225,3592,631,1234,742,1702,1344,408,963,1154,335,665,962,2378,1022,461,1043,1596,1036,784,690,406,1029,448,2151,1802,1117,1221,1805,3622,1200,540,746,1653,1718,3195,628,585,464,3902,1212,888,5400,825,1996,382,1023,746,2165,1214,828,106,1955,3631,1194,1061,1392,872,661,1533,1104,674,2804,796,1896,966,1112,1232,583,1305,2820,1118,722,1330,2208,3055,2102,1079,1540,172,2379,436,815,513,746,1591,955,2724,794,663,883,1484,1384,625,2476,1129,1420,1178,3300,832,418,351,798,1578,1076,1604,2066,1076,1263,1030,579,642,1396,731,849,627,1932,1548,2431,1891,1376,2105,436,2805,1359,692,1010,1409,1300,671,1914,3833,1171,1837,1518,2870,808,47,2902,1334,161,366,636,1528,293,469,450,143,1970,2162,1166,123,2939,2586,241,1427,1236,491,1166,1336,2896,1335,711,20,646,912,599,978,2579,849,1503,1060,1196,1041,535,983,2079,701,1298,1507,282,1494,695,1218,1768,881,501,1300,1499,2195,1665,1017,324,2038,1976,1186,7665,66,1002,1084,2154,521,1284,909,3560,442,830,849,1195,475,774,692,529,996,1719,767,970,746,556,2933,1960,1062,2118,1352,651,675,339,1586,1538,1516,25,938,1582,955,1392,1170,1429,1461,2740,363,1464,2453,1006,1364,1342,1597,769,486,648,1670,550,882,627,682,523,494,2411,2981,800,2218,2222,649,333,1087,742,635,2606,1342,3175,740,712,3214,2621,1074,624,1017,709,1802,1100,1385,1769,532,2412,1136,1401,2265,1684,384,1003,1163,1493,271,678,25,295,802,553,426,1709,1466,887,3162,1246,2013,1789,1017,1584,1129,558,802,3987,2545,657,1154,382,3066,1328,822,1222,2241,497,1422,1064,1125,600,1393,1446,713,1071,1525,2183,365,823,856,543,915,797,451,900,980,313,2182,652,446,2072,600,49,1136,873,481,1344,1683,546,1595,1159,605,1942,2298,1112,2546,3027,2583,1500,1475,703,768,503,462,664,1346,2053,2771,485,821,7,843,1480,909,1496,2187,1767,768,1052,871,867,528,1443,398,1203,798,381,503,2638,972,1565,1831,662,3981,3125,1587,1320,1019,1628,419,927,461,599,1737,783,936,984,1475,2170,1810,1234,2880,1376,668,502,1700,526,535,2492,1334,1358,1620,4,2221,879,1525,3886,4139,1086,987,331,2151,1747,1369,417,807,1245,766,1453,3176,572,852,1088,375,443,1461,1676,1214,460,3268,1672,2402,970,2044,626,843,323,1699,5217,2520,896,1237,1561,1105,1083,903,855,2116,1359,1202,1445,1880,934,941,917,1435,628,1524,1278,874,415,2328,1354,752,804,1400,839,3069,1174,1385,569,1238,680,1038,340,743,1587,1161,1674,930,620,3129,2909,1787,1403,694,527,3042,2729,370,1219,603,1868,1055,969,425,1442,870,3959,1455,1388,1786,840,2285,2645,1753,946,1226,56,806,261,599,3760,404,383,860,640,3374,182,1631,855,1915,1137,4395,1402,1242,1125,459,1202,2093,556,714,1093,1236,888,848,2913,483,1452,504,805,1191,1575,1755,893,510,719,689,1781,2177,1312,458,2175,2538,1538,1408,270,2047,603,345,1449,476,1531,885,1011,2520,1479,458,524,1441,246,1777,404,274,1431,1077,909,3463,491,63,1353,642,591,293,764,1341,654,732,2045,1105,559,384,1737,1371,1205,476,2431,1117,12,2125,37,1021,1225,1890,185,894,567,1096,2317,1838,1154,915,1164,933,1727,1349,1696,3362,568,406,616,508,349,788,1674,954,1626,1739,683,512,877,625,750,1235,1028,668,1680,355,1240,1307,1481,4209,1131,1290,981,1078,2462,315,693,1913,292,533,743,1457,1415,1393,1057,121,544,1385,575,425,778,1750,123,50,741,3022,1622,3311,1840,749,530,1477,522,876,1007,901,1423,584,673,1165,812,573,1689,1307,1321,1016,2349,1837,633,1726,581,781,441,2645,3371,600,1369,1020,5323,1237,1451,501,738,1751,1000,1392,1827,1802,1835,657,1181,416,1086,1175,1977,1371,727,974,436,1561,2342,284,357,423,678,1777,668,407,1553,1697,942,1053,1672,439,1054,1209,415,2168,942,625,1201,2310,273,170,760,1367,1645,549,1262,510,1098,2142,2535,959,627,1039,1704,1396,2201,1412,1269,595,858,579,630,394,142,1757,2574,1901,1471,336,980,3388,2065,941,1110,2636,1595,1587,1294,3682,1135,620,466,542,2921,1382,805,803,468,405,975,2420,1989,1662,1884,767,816,3620,2943,1055,601,1886,908,1650,79,2131,1675,131,688,641,547,468,1396,951,449,777,627,439,447,1073,2305,1207,783,741,986,1246,299,1277,218,1151,1575,1499,2549,1065,1348,2011,997,1366,367,1389,1154,573,994,728,1420,580,682,1209,1769,747,397,1438,1826,763,690,2092,751,1078,1600,554,905,307,1077,616,554,400,1751,463,782,1260,790,844,252,906,1051,1893,512,546,1615,2077,1323,317,934,2036,2610,467,1333,2276,1550,495,993,456,883,1035,427,784,2283,442,314,1151,1078,612,1743,923,669,662,2754,5077,437,428,794,1100,1601,2547,969,884,900,1716,394,1721,1408,214,830,1119,185,1611,814,520,585,2207,741,3927,1228,1200,471,746,519,959,759,2002,668,6057,1267,1004,427,766,439,929,1636,1854,819,1812,6087,1630,2050,776,1428,904,1017,1145,2236,1228,1953,525,1574,538,3,804,1025,1732,543,1033,125,1097,1173,2160,834,913,1153,1165,836,2362,2445,2490,1058,1603,1326,1254,443,658,1206,554,521,286,443,1090,469,639,1346,1617,620,1313,803,1905,2070,858,2171,3672,1643,1222,889,1154,784,2907,1958,1299,1093,1517,1254,735,788,1470,801,514,1902,2076,1890,1482,730,2320,196,446,2364,1378,1683,451,521,1000,796,1135,1037,3156,865,441,283,912,639,2448,709,1358,2162,3037,544,703,1674,608,1662,1476,590,2228,1266,1641,940,655,1547,538,907,447,681,386,769,1045,39,1274,2557,705,813,1737,1297,1025,322,693,368,1229,1213,653,931,1488,677,753,730,1192,426,1637,1608,1141,188,1108,647,561,3516,2106,906,1771,1215,2091,1730,788,813,1018,1035,348,850,309,485,2289,1241,711,1587
X_BCOR,1142,2209,407,937,1402,1869,480,1981,1723,1821,1340,549,4088,1288,2265,1443,2770,710,1567,717,2759,2655,584,2279,2822,774,594,760,1201,1993,4168,1748,1651,622,1251,1374,724,2506,1638,1534,2267,4629,2071,936,5219,690,538,1902,1066,934,2508,2100,916,511,3105,1982,1813,1446,3904,1659,997,2072,1861,638,3601,1008,801,1097,1086,2801,252,1696,552,2006,917,1344,3231,1432,806,1700,1440,860,2538,553,1009,1664,796,945,2941,1718,729,392,1249,2717,888,2200,583,914,1672,1582,1653,1373,911,747,687,1244,712,1303,251,2981,1052,586,3790,2003,1357,2597,565,2311,1995,1159,2477,1839,1181,1620,2126,1329,809,1617,3336,1860,3400,508,1932,2025,1014,2206,819,1471,690,2679,830,2377,835,2243,5227,314,671,1003,1740,1759,721,5116,1654,1310,2971,1690,1950,86,2637,1493,1094,613,675,654,736,4045,2066,1088,961,1918,459,1632,1608,783,655,1627,1295,750,490,929,1493,1295,718,7101,1695,410,2979,2125,820,1563,1103,2306,1851,937,1840,1131,716,1637,592,3744,2422,928,3710,2369,537,63,1182,556,993,521,2168,2192,664,3216,720,1681,1971,2174,1511,1582,1825,1588,863,2476,2004,3208,2123,3791,449,1668,1504,1835,2314,1338,1385,718,1872,497,1812,599,2314,900,769,1202,1195,833,745,396,2107,1875,1254,846,1008,982,989,1754,2023,1132,204,320,973,449,1280,1599,2150,6908,1506,2147,1365,1163,2183,862,2032,2007,894,1968,5885,1137,1057,1343,1192,433,1155,1060,1327,939,1219,3338,2914,2395,1086,1216,2642,1566,2170,656,674,14,227,1056,612,1632,2208,1472,2388,551,715,662,1042,862,2099,1034,1407,352,2789,1448,1998,805,868,1207,1293,1772,1709,1047,1940,1340,719,1236,1249,1586,2153,2582,3000,105,1971,319,1537,1257,619,3552,1687,1102,542,4444,828,8077,1412,2668,384,3588,3715,386,982,2478,893,406,2212,1196,1229,846,2007,2860,1202,557,1798,2303,2487,669,166,1171,1589,972,739,1248,2325,1296,1706,2332,563,1715,308,1605,1540,726,32,1246,1989,646,863,198,26,896,2430,951,302,1468,1971,1289,3392,3073,2115,2493,1376,1768,846,1921,1083,4073,1940,1210,804,184,32,710,665,1121,239,1777,1265,806,523,647,700,1639,368,1548,2396,884,1178,2905,5092,2140,659,1178,1151,1746,1996,1345,4302,6,2135,246,2525,794,686,5194,890,73,2759,496,1859,944,28,1747,1691,1937,667,651,2245,1498,2238,1086,693,1937,1527,3745,561,3351,951,196,1264,1445,1169,724,1011,2579,3265,877,1285,1449,2301,316,1257,1703,2179,1595,1107,828,1748,1375,1407,529,2304,1155,871,2523,1305,1410,2593,2020,1483,1397,2470,1084,2941,1216,1212,162,590,30,1357,725,1825,913,370,798,142,1891,1228,546,1519,1197,734,1572,1199,1548,2837,2884,1965,396,946,2207,2921,1042,1765,1170,1452,1747,521,1938,1704,3637,1714,1596,2270,3941,450,2664,570,629,1851,1069,679,629,3017,1881,2212,858,759,1811,701,1668,2409,1984,1996,1084,254,905,6919,2968,1647,933,2081,579,475,24,770,1242,494,1650,3255,796,1292,386,5040,3246,1802,153,1143,527,2933,4928,1178,809,796,662,1027,2980,2115,656,749,767,5221,1269,1583,958,695,2545,3481,414,1462,2557,649,1413,793,655,1254,4090,1701,1739,2814,694,1446,1091,857,886,2079,547,958,721,1470,1289,616,923,893,1071,695,1230,4070,801,2308,1201,3273,983,1509,3112,1068,1957,385,1012,663,1861,2696,1815,1120,815,956,926,1019,2214,1865,5805,1000,910,2652,1664,2865,895,1438,58,2325,2247,607,1810,1852,1195,185,2673,3943,1506,3317,1068,2155,399,1225,1645,567,1545,1038,1547,1318,1846,3227,1809,675,3595,956,746,2104,2229,2318,1022,1652,1714,142,970,2319,933,930,2515,805,63,1462,2084,432,1138,2347,76,2125,126,664,499,757,1278,1426,968,4258,769,559,378,2654,2815,146,2731,1730,468,1539,982,881,2713,3231,786,3392,1491,1684,2736,1061,2499,811,1060,654,2087,378,1980,1626,1606,1163,691,923,591,907,718,1310,593,961,905,588,626,68,1880,3483,779,3803,1814,2332,1455,1232,1398,1251,750,753,209,1317,617,2278,459,670,1575,1027,3246,1359,695,966,1300,1433,2563,1542,1527,270,1821,2351,503,902,4063,649,404,4720,1636,3414,810,1493,206,625,490,837,1741,830,312,2170,701,1242,4679,4233,861,2579,5677,4526,1919,2177,1939,3587,1751,2456,742,427,925,1786,71,2472,49,1397,220,319,3233,664,4568,623,1061,3054,1210,2622,1098,182,624,2170,2034,1405,429,687,800,450,867,778,1329,1157,1729,1145,1497,185,867,46,1627,797,4536,3174,1176,874,1782,283,2875,2100,2232,5072,1505,1280,1279,1220,973,1692,2192,388,1241,867,858,2416,1097,314,2892,1032,612,1325,1792,1511,900,2246,1742,860,789,649,981,924,1565,563,1161,1126,742,3669,1631,1161,1594,581,1107,354,1234,2574,1027,581,1292,3447,2887,1424,1973,692,2287,1754,2023,641,3081,1393,1623,1870,2357,621,67,843,201,1088,1012,3986,111,2094,724,784,3039,1019,1330,1153,1474,1072,1245,914,1796,1797,965,1292,624,3120,3062,734,51,768,1174,397,14,1323,562,4380,141,1431,957,774,6929,655,1352,1265,584,1982,930,2845,1362,618,586,232,2176,1152,2073,1296,765,1532,1232,1861,928,1705,3329,1972,1286,1715,2216,233,2479,1592,1446,1442,627,3339,289,921,5550,1058,1405,759,945,611,712,750,666,100,1265,1838,1405,1842,1581,1063,2048,1222,347,1917,1086,2960,159,2442,834,969,85,1388,728,978,1373,673,1909,1482,24,962,750,263,1682,3235,1244,975,355,1190,1597,721,1933,1457,1139,654,751,203,2182,1276,2052,1378,2105,915,3709,1420,1245,1255,1179,1167,166,1330,2801,730,799,2682,1590,265,1916,2920,1015,807,1936,2209,2640,1901,2053,896,1692,716,1315,801,709,241,682,677,618,2400,605,886,2749,994,1501,754,2063,1208,1254,73,1862,2859,931,1497,100,1553,919,2079,2230,3143,2366,1211,1287,1519,930,1800,2415,638,1017,479,2429,1254,1349,1964,479,313,1385,984,2327,1724,2792,615,1699,1927,850,1540,2169,2002,643,919,1977,467,643,1000,1000,2434,892,23,1086,403,1844,4697,989,1193,3854,1064,3060,1939,1088,1145,65,612,1046,641,1598,1717,653,1854,777,1441,766,1153,1189,2181,866,315,1651,198,2422,2384,4739,785,884,2716,417,471,2154,444,1154,2195,1350,1483,3621,3879,2880,2020,2373,3844,675,680,901,1068,513,2978,515,914,370,4309,3100,938,3542,686,287,1524,526,720,2090,618,1646,1512,1085,1435,668,4678,1426,1483,1010,1273,886,615,543,57,2172,1068,1469,21,729,787,2158,1471,2058,1377,607,930,1265,1321,2861,1614,880,537,1340,932,1794,861,443,1809,872,827,3337,2141,679,698,967,1381,1539,1371,1019,1341,1276,946,1451,1196,4444,935,2108,2251,2646,1767,4119,1898,554,1858,891,785,816,529,1296,708,345,2274,573,4213,579,1333,2306,1964,3175,2451,341,349,537,785,1453,2443,994,1708,1091,598,759,6,809,1328,558,652,2809,4242,1612,1955,495,809,1214,2956,218,909,474,555,2981,460,1359,508,2095,2152,761,1321,536,450,3149,2509,3292,1769,763,939,779,1541,5328,1159,1188,533,1259,829,772,141,2467,819,898,1015,441,1164,637,870,1329,3161,2488,1536,594,84,805,2507,1682,3320,1474,666,3433,483,1559,670,1562,194,1755,274,2658,1214,734,1136,678,717,2187,635,341,1348,1079,73,1497,208,514,875,2750,164,1743,2119,704,2180,936,871,3073,2158,660,794,1128,1583,804,801,663,1092,1569,2306,742,954,1940,1884,1551,1900,1380,1036,676,519,659,1773,2986,3258,3489,275,943,1040,4746,711,204,1015,1340,866,1336,188,1613,958,2694,1082,425,167,136,940,1003,6104,2649,513,1176,1578,1061,881,2066,721,1393,770,1782,1025,1143,450,1805,6,265,726,1904,2861,662,1414,781,2013,490,1615,1150,5841,2054,2614,1737,1846,629,2606,1208,764,792,132,1090,1439,246,1276,1743,1225,892,1005,1411,116,575,684,788,1148,2413,1659,1303,832,1150,2955,1388,316,2299,2347,1047,889,1597,2684,1422,1440,1948,2338,2515,1092,997,1674,652,123,1336,2053,1757,1566,2886,2979,756,2922,1313,1278,1841,965,1619,1883,45,3131,808,2564,948,915,1668,1166,816,1050,1269,2412,471,445,1120,4693,2318,1284,1114,1206,823,729,1982,1028,466,756,2214,2194,864,1336,1566,793,1696,876,172,851,2799,1941,2303,585,2127,607,2994,613,2175,1147,1346,2370,583,763,1012,787,1116,593,5246,875,180,2066,1598,11,815,3519,696,1007,635,1684,1202,982,760,714,2352,256,2087,877,1193,3354,43,1431,2121,3186,1716,1325,732,486,790,448,2040,1532,872,864,2423,650,2737,2275,564,3467,1025,3644,725,2397,1580,1585,1543,1759,1280,1403,1880,1538,2535,3114,5217,945,2480,1260,2397,1414,1168,1515,2514,1280,1104,405,1485,2675,1418,1106,2596,2417,1512,4895,658,1621,3995,126,1323,764,1373,493,620,1168,2498,682,812,857,4062,1389,884,1026,702,2469,739,598,726,1302,574,1994,2632,1361,317,1425,2967,1193,813,1035,1901,2343,3303,733,554,418,4613,1390,1343,5470,1140,2920,450,1699,426,1975,1599,1271,1943,1820,3844,1077,1912,1334,1109,78,1316,1003,1662,3825,647,3150,893,243,1093,638,1675,520,1901,976,2249,3087,2704,3058,342,2678,2111,2606,637,1012,537,990,1499,1184,3169,1184,672,803,2487,1483,18,2636,1049,1073,1296,3578,1007,571,3650,1263,223,1453,2192,2271,1353,1159,1285,496,1269,2287,1377,1084,851,1832,1207,3013,2983,604,1303,742,146,1606,1426,542,2678,3354,840,1916,2050,861,2367,1893,4104,1339,657,4436,1406,1004,647,595,1626,1346,24,763,684,2568,2015,1231,1152,1055,213,333,1054,2187,915,123,1840,5328,2026,1180,904,1040,1332,785,927,2340,859,1729,1238,1267,1321,890,42,2733,945,1931,1703,567,1322,44,1376,2175,1063,746,1356,2517,2365,1811,1082,679,1720,238,1495,7961,1092,1866,1262,1768,2501,1318,1297,5857,513,234,163,1149,604,1139,929,538,1690,2165,977,636,841,788,2714,2172,1198,2114,1643,1162,1048,1222,1756,1785,1481,972,1195,1920,1030,2178,352,1856,1640,3102,975,1710,2559,2472,1424,1672,2004,2126,1005,309,1359,1111,1033,954,685,514,718,3264,3154,1139,4638,2545,2103,1750,1717,1319,864,4132,1551,3041,716,932,2510,2956,1153,534,1270,688,1971,1849,1748,2226,610,2699,1920,1994,2840,1913,533,874,1897,2120,2080,12,772,867,865,966,611,1806,1631,1046,3599,1093,3099,1952,1363,2316,987,1660,1334,3919,3356,976,1427,1956,3361,921,1097,1566,802,577,1807,1699,1404,1104,1187,1604,794,1657,269,2632,1625,890,1508,1102,1315,984,510,1686,1793,905,1832,743,1361,2037,1167,1218,2014,799,519,1492,1855,1166,1088,1274,768,1677,1861,735,1609,4984,2779,1553,1256,310,1079,1790,913,1118,1672,2392,3174,656,926,988,343,13,2077,673,2189,1258,989,1530,1513,1094,1030,2655,501,1660,781,1510,1035,3581,1627,2465,631,10,4556,25,2021,2156,1465,55,482,1039,975,646,2523,563,1460,1121,2053,2921,2734,1400,3308,107,759,3321,1690,804,847,3024,1683,1652,1447,705,3172,1439,1675,3112,4931,1463,656,779,1289,2758,1857,931,1210,367,1078,1953,3954,590,927,142,864,1060,1256,2614,1773,606,4391,2219,2101,1435,1050,770,1425,657,2487,6028,2096,934,1303,85,938,1601,1726,1313,2857,1318,1690,1440,2667,978,1104,17,2004,625,1242,419,1074,2455,4438,1834,1179,1494,2081,1200,3334,1260,1387,815,1758,1078,1480,595,874,1765,1151,1911,332,218,2785,3729,2980,2567,1415,36,3426,2311,703,1799,656,2087,788,1361,799,1462,1489,5771,1143,2742,1769,1053,765,2047,2649,2254,1143,1970,1365,1273,947,5115,1176,575,1062,691,6951,1120,1354,568,2105,2060,5261,343,2214,964,264,111,1855,645,711,247,1925,1307,1242,4024,661,1836,596,1139,1599,1871,400,627,1004,300,392,2561,2758,1542,620,2293,1890,2336,531,563,2948,847,1050,1457,739,2203,791,496,2588,1875,664,653,1841,1983,2799,598,456,2615,1595,1001,3623,1283,1257,1275,645,726,2459,182,1655,1114,900,1731,1703,562,815,2081,2227,1483,538,422,968,554,1811,886,870,1467,2150,499,737,684,1451,2771,2588,1819,1922,1758,1422,1184,1049,1280,692,915,549,1525,915,548,970,617,1092,1472,2704,639,813,1357,863,1293,771,280,641,1846,2247,1811,2056,2348,6126,1000,1716,1540,1141,385,1830,1158,2131,1117,718,864,1179,3329,1319,991,1336,348,1659,729,1107,939,2214,347,1907,1094,3092,1468,4317,1692,926,402,1522,598,1060,445,1594,1195,816,614,1169,1165,872,1355,899,1318,1228,2298,2499,1165,1642,576,1019,766,1013,3159,307,1138,1484,5551,1599,1541,531,242,1843,84,868,1844,2594,1507,557,826,528,1226,1168,2950,1201,878,1316,444,1501,1597,1316,669,385,1113,21,794,754,869,1732,47,1144,819,537,888,963,859,1125,1056,801,1332,4423,869,588,899,1546,1255,464,1304,598,954,2038,1967,2129,801,181,1947,1956,185,2273,2261,712,945,951,923,642,35,2081,2098,1376,1578,507,1105,4047,2524,1149,1087,3871,4380,1962,1120,3557,748,521,1017,538,3877,1599,12,1551,756,2349,971,2522,1754,2544,1498,956,1297,3119,3592,1441,785,1712,1451,1774,840,879,1426,596,707,938,693,1088,1200,68,667,651,2307,732,13,1158,2375,1732,674,893,1034,55,558,3146,819,998,1726,1369,3521,2574,2250,3010,1678,1253,590,1320,251,370,2288,916,752,951,2173,95,1329,875,633,38,1902,710,940,2151,838,1920,1393,837,1183,650,1452,1038,1208,592,2091,648,610,2404,398,662,1677,2024,1330,3084,515,947,1531,2216,1324,747,675,1615,2836,606,1499,3084,1271,643,1146,650,960,1543,880,764,2903,504,563,998,1727,1584,3104,1196,498,618,4451,5303,825,831,733,449,1779,2984,1630,896,2821,1543,2099,1738,1755,891,829,1420,391,1449,675,631,694,1512,1391,1645,1596,1774,606,356,802,783,697,1609,1059,3962,1374,1118,6,875,776,1114,2191,1809,28,2816,7522,243,2926,1064,2096,898,1040,1940,2056,875,974,26,1591,777,1732,1118,1494,2211,794,1070,2588,1147,1475,1750,990,1431,1147,1068,875,2821,2571,3399,946,2470,2254,1413,717,896,1444,758,509,624,496,1201,1007,1416,1071,2012,1141,1649,182,1998,2871,281,2038,896,3480,1152,706,673,314,2706,2577,2881,1187,1016,1780,1481,689,1787,1534,670,1618,3069,586,1190,1168,2395,341,491,2583,1980,1792,160,638,1068,698,110,578,2651,589,778,662,1854,975,2212,972,1091,1321,4298,1079,893,2222,924,1240,1544,464,1712,1183,1821,1277,1100,1559,558,1247,550,872,330,936,1337,819,1862,4410,1367,979,1710,1623,1292,695,1050,526,1593,1344,28,1169,2158,650,688,41,1646,1018,1771,1286,2170,66,1203,947,569,4198,2183,781,1545,1850,2376,2468,1333,1135,1782,940,567,740,533,629,2241,155,699,1585
X_KDM6A,60,2009,1084,1015,1524,1528,194,1091,1184,2178,370,499,4290,297,2062,568,2731,598,1405,343,1780,2899,615,1516,3092,692,1820,568,923,1343,3481,1983,2011,493,859,150,223,2192,1049,2248,1432,3104,1114,1024,3464,657,367,977,345,983,809,517,1229,334,2077,1447,1751,737,2329,724,599,1298,1512,446,2198,340,569,798,981,5856,879,278,382,693,734,500,1615,1552,813,539,1456,728,1894,1294,1139,1448,454,454,1821,956,584,649,487,2442,825,909,351,677,1335,1569,763,1315,1128,237,741,902,611,613,439,2129,1069,475,3905,2266,1543,1276,388,1153,975,453,1599,1939,693,929,1086,152,149,492,2457,1076,2635,538,1490,1766,351,1539,819,587,410,1975,158,2372,849,1550,2146,280,286,949,1471,1139,177,2010,1500,155,2819,807,394,257,2258,228,359,485,425,900,703,1006,2008,916,1270,1457,3135,1064,1629,884,188,1066,668,157,521,1241,1220,1730,516,1630,1738,530,3396,1988,492,540,1505,520,1613,533,1206,542,594,1077,595,3692,1952,519,4208,2264,477,694,6,288,260,669,1147,2151,731,4018,244,1732,1774,1758,922,693,2021,2031,444,1693,1815,2216,1431,2637,442,624,1542,2168,1049,1323,1125,992,364,1024,2151,754,1074,651,549,611,986,799,569,1442,2678,694,683,529,1061,693,900,1160,1345,712,601,988,809,257,454,651,1230,6819,1326,1634,1241,725,1701,1213,660,681,618,1586,3785,841,559,2158,1198,433,505,1014,1033,804,880,1813,2965,1127,811,1075,2199,676,1168,1590,362,2825,980,729,790,1044,1157,1698,1432,275,447,186,276,791,1827,1086,1223,2163,814,1376,2195,491,596,1240,1253,962,1667,359,940,550,482,1130,1467,1131,1150,2455,2117,558,1673,1065,1399,377,460,2711,951,1264,108,5289,697,6491,1185,2157,1958,1535,4263,345,1219,1469,424,409,1237,881,1320,187,597,841,277,1476,1311,1756,1934,511,980,1152,1391,589,730,1035,1929,1840,1732,2058,440,1589,438,1116,1527,449,183,288,1253,55,898,665,727,729,2129,545,3526,506,1405,833,2726,1881,1513,1016,838,1108,43,546,1356,2657,1291,966,589,1169,405,585,718,803,1347,477,1337,831,703,586,580,873,1727,1457,2674,831,1206,2303,5784,1285,658,1054,1181,1117,2181,1049,2888,619,1555,1005,895,717,287,3271,419,978,3271,390,589,693,523,424,872,1435,463,912,2863,280,2215,1059,743,1885,1098,3010,210,2380,900,954,1126,1359,99,1953,961,2377,2558,791,1192,1177,1844,843,331,1363,1960,1625,895,782,1390,128,1096,629,1758,841,933,757,1207,613,1780,3518,132,1787,2010,658,1387,380,1528,396,554,610,82,869,1986,994,1404,929,1961,1828,1393,510,1525,819,357,1515,1178,1130,896,1005,1375,1610,633,2067,1967,538,1239,98,1548,1268,461,338,1544,2008,1122,574,1587,3589,1261,2211,528,368,940,297,670,605,826,915,1962,145,48,1865,183,1576,1489,780,873,863,562,480,4359,344,1517,726,959,425,360,278,844,1176,505,1333,3105,1560,1260,366,3360,2678,2064,1017,687,2199,2734,3015,814,3740,754,281,255,2000,1669,594,326,482,2634,793,1834,511,506,2026,3318,451,957,2153,532,840,122,201,1025,2523,1907,1346,765,481,29,864,769,520,1114,369,1023,621,116,796,212,639,867,909,848,956,3796,410,1679,1045,2390,452,1189,2735,700,1741,371,435,498,533,1788,2918,531,582,601,2138,705,1198,972,4124,663,1500,715,1471,2627,862,1210,953,2637,1277,357,1039,702,1304,657,2029,2996,1408,4492,967,1410,528,1455,1172,609,1019,677,1610,1065,1983,1230,488,695,283,917,1054,1913,1712,1577,1046,1665,1615,375,904,1443,678,1016,2309,72,1549,922,1485,470,1186,1906,487,253,294,595,303,585,633,1392,847,1591,628,141,760,2023,1754,791,1753,987,1631,1447,82,933,1962,2654,420,3515,1269,1283,931,1827,2044,722,429,440,915,1904,1877,849,906,1075,1198,1260,131,216,525,1297,733,594,834,603,329,986,1707,2998,619,598,710,1247,1774,682,2109,227,670,676,687,1101,489,2069,452,359,1202,598,2477,693,450,963,1878,938,2605,1208,1328,2078,1511,150,737,460,2019,398,272,3006,1239,2296,488,1536,1021,660,796,894,1568,1019,403,1808,616,1057,3483,2988,415,1886,5123,4214,1009,2461,2203,2170,1231,594,540,1176,422,1729,258,1702,925,1118,576,638,2596,77,3488,484,457,3116,1729,2334,774,777,100,1233,1421,1137,1145,589,1069,977,538,49,831,1166,1307,29,526,907,1042,1205,1330,121,2551,2720,515,430,3082,3207,1911,3130,1571,748,522,1019,341,795,1274,1008,295,1618,1041,347,851,1265,1162,1293,1427,971,604,1170,1055,985,718,1930,1160,553,1275,577,587,992,1222,180,1251,942,374,2675,885,942,1243,1292,1095,385,913,2167,1047,246,1485,3602,3929,1216,1054,455,1680,2294,1396,830,2962,1592,1178,1562,1886,304,514,1329,363,1584,522,2953,395,701,337,684,3853,680,3064,922,1584,939,836,661,1350,2047,216,995,323,3808,2445,649,134,288,718,375,7,139,1736,4056,561,1332,679,693,5388,477,1152,805,775,1578,664,1651,1227,348,343,138,1676,981,1216,457,748,838,198,2224,876,914,2710,409,92,1280,2018,1165,2110,560,1679,1500,528,2969,784,868,5287,1740,1579,363,727,147,551,546,586,340,788,1207,839,3109,732,1276,1875,1970,433,1453,904,2633,993,1947,711,720,833,170,561,289,995,553,429,739,557,392,546,716,2446,3336,1233,847,740,608,196,938,1716,1713,1279,525,437,560,1696,996,1878,896,2141,292,2128,1630,747,1048,1031,497,502,957,2135,530,665,2710,826,612,1936,1809,933,586,2383,2303,582,1485,1429,722,1773,836,54,623,356,2356,544,689,581,2682,47,1013,981,48,1712,294,2323,928,987,983,2722,458,947,1815,1804,1572,1261,1776,1870,1936,883,1994,1124,2230,533,728,2165,401,251,397,622,1098,772,1453,81,42,1369,786,1065,922,2430,612,904,594,463,1204,2048,1814,272,794,1141,1133,225,887,1039,2174,714,704,377,1621,2064,4689,698,1168,2273,630,2155,1715,894,1024,1396,2199,978,456,577,1245,2150,1843,754,1208,227,1220,674,2017,896,1206,2143,1571,2065,1431,2340,531,694,209,397,2148,1760,466,1106,1553,867,840,2416,3619,1193,1320,2298,4632,436,638,774,315,1215,3762,548,136,1458,1810,1592,775,2364,638,159,1005,217,355,2086,188,537,161,637,1432,509,2689,833,1158,796,1555,818,26,453,528,3936,800,963,559,797,865,1769,1577,1576,1179,602,1345,244,1007,2705,2029,588,730,1004,714,1465,2160,503,361,106,331,1429,1925,487,567,1201,1095,1159,961,681,1273,748,581,682,811,4033,395,2064,268,1318,1858,2043,1460,517,1585,822,302,766,513,638,689,1471,1853,339,4374,1635,1296,607,1456,2320,1809,411,820,407,317,212,1695,299,938,1238,565,363,312,852,1547,324,383,2863,3936,1102,1805,505,830,1297,2379,131,779,602,316,1957,413,575,337,1316,1781,391,1372,316,801,2546,3923,2764,790,458,595,624,959,5553,752,702,309,483,495,836,546,1744,669,226,735,366,1032,562,705,608,3486,1704,1756,496,1586,658,1649,1168,2534,1041,380,2580,67,1309,617,1372,587,1609,755,2736,633,594,631,517,413,1506,693,825,573,633,1923,960,1355,412,541,1151,432,1833,1296,469,839,178,767,927,2486,902,692,817,1510,750,303,581,1095,1036,1892,687,889,1688,1091,1171,1414,1094,817,666,451,381,1218,1912,386,4157,782,885,731,5733,680,484,616,1225,342,1222,677,731,375,1222,656,460,722,627,532,371,3951,2556,724,964,1219,1149,323,1875,505,805,864,1067,202,623,2232,1432,438,857,372,1374,1831,284,1095,709,1759,667,723,876,4002,1235,1790,1182,1271,1889,1274,811,1169,836,1832,1136,748,644,572,1179,735,498,873,1021,574,429,549,675,1085,2413,822,796,1069,987,500,735,648,2755,1585,798,592,1136,2356,894,1175,1341,1606,2046,1159,341,162,289,1627,774,1696,1555,1767,2202,2865,507,3018,994,631,1143,1056,1306,1976,2368,1827,2121,1876,851,4084,1040,1126,739,665,1165,1905,290,524,934,4688,1694,1277,446,1238,485,451,533,102,1127,859,2537,2025,1089,1108,1242,794,1795,976,2410,551,1953,2015,2541,387,1393,1073,2583,516,2258,872,696,915,563,282,612,595,726,186,4602,1145,2162,1046,1375,1593,572,1800,856,576,227,1000,1015,773,504,568,123,2098,2214,244,95,2503,2034,914,1508,908,1370,702,470,545,331,960,1916,1122,469,556,1634,425,1200,625,591,2421,807,2323,1218,509,1306,2033,2108,1660,941,1181,1778,1190,1910,2746,4175,575,1535,780,1750,955,1259,1113,1774,1313,629,792,1018,2677,1032,380,1561,1965,701,2980,500,1318,2707,710,836,648,1861,899,498,559,1351,482,524,726,3746,415,828,1504,1944,1242,692,275,647,769,554,1563,1722,1289,541,973,2848,564,247,108,1189,2455,991,336,478,437,4530,914,948,4832,226,2898,480,1546,537,1537,1364,1715,1729,1306,4101,839,1094,1167,722,323,284,1330,958,2336,806,1863,578,572,676,395,1761,2301,473,611,1332,2981,2336,2112,996,1529,667,1484,291,974,314,952,1092,942,1946,262,357,818,831,1428,926,2766,95,390,784,3237,802,646,2998,938,3287,1674,1008,1779,1113,925,390,362,1073,1473,706,640,847,1682,1325,3217,1991,1525,1216,184,1830,1521,763,1015,1480,3650,728,1891,3289,686,1885,1154,5205,709,388,4389,387,854,543,676,151,770,149,843,573,2590,962,946,875,2019,2314,364,568,1708,574,1097,1366,5050,1861,1150,680,893,1068,449,796,1861,708,1834,630,1009,1076,627,706,1125,811,1287,829,355,1290,239,1057,1952,745,732,1298,2232,2576,1924,781,285,228,1181,848,1333,1043,266,543,1527,1533,1406,1137,1699,238,1147,622,1312,295,809,377,303,524,2636,593,1046,906,478,2445,1953,720,1379,830,768,605,1072,1645,1287,1166,495,891,1329,954,1354,1204,1190,484,2061,434,1352,2140,1917,842,1063,1789,1134,1203,646,971,611,874,506,538,365,781,2552,2873,1058,3080,1793,1542,1138,641,1001,733,4322,1155,2926,437,217,2458,2436,466,387,880,549,1504,1428,1843,1584,586,2067,703,1185,2243,886,126,740,234,1393,1020,361,467,1122,643,380,403,1901,995,749,3205,813,262,1780,1404,2426,906,1165,819,4611,2016,135,1450,3210,1846,578,1088,415,1628,642,1331,291,938,207,1048,684,564,744,1557,1624,1236,481,954,948,1245,856,487,1292,1309,499,3049,504,331,430,541,566,1431,438,472,1719,1685,479,431,999,217,1147,2683,958,1969,4374,2863,1060,751,261,785,1109,845,446,1354,1550,1697,644,956,126,794,1335,1670,337,2331,1116,934,993,95,818,445,1683,284,1267,752,99,656,3253,1212,1562,128,909,4632,1038,1549,2099,1260,1679,461,795,240,510,1436,554,1042,394,1575,2342,1043,1238,2376,1474,722,2184,1245,500,1186,1823,1080,1355,986,683,2369,355,689,3244,445,775,720,243,1301,2156,1339,785,625,569,266,1256,3248,641,589,1105,245,563,50,1469,1714,425,2836,1378,2092,184,2559,413,960,554,2384,4751,762,389,1360,1125,976,834,1175,315,1741,1534,513,1006,1971,908,950,528,1607,834,1337,1596,868,1745,2702,536,1124,1075,2143,698,1752,893,1219,536,902,532,1146,446,1018,914,846,688,387,142,1853,3532,1646,1190,987,401,2006,3129,122,1128,527,2226,1011,1498,250,1212,358,5315,1457,1182,1374,771,2309,2711,1818,1521,834,412,1101,955,735,5988,425,465,744,596,4160,573,1462,1053,2046,1231,4584,1889,1965,1171,882,341,2028,519,582,1367,1654,1149,525,2656,631,1087,499,651,72,1331,1571,363,967,790,1224,1971,3250,1050,461,1946,2519,1974,1686,530,2369,253,900,925,556,1777,880,784,2346,1756,630,398,1290,1291,1660,630,545,1328,731,972,2842,586,651,762,380,752,302,744,736,849,793,493,1126,233,233,1821,1350,646,261,489,891,422,2407,231,697,841,2008,713,605,520,1307,2714,392,1247,981,1045,1518,1541,930,1838,1110,572,464,859,437,352,625,1429,930,1722,231,663,672,733,1200,888,1129,931,449,1102,1829,814,2057,1996,1422,1232,781,992,667,2197,848,731,1279,338,603,633,587,2032,1552,1099,856,418,1549,799,711,738,2189,786,927,875,2611,2184,4234,438,715,306,1098,533,900,1176,1546,969,752,446,1498,555,692,1689,1446,1133,1125,910,1915,1155,457,400,979,302,4559,2835,608,826,1115,4412,1461,648,429,544,1807,880,1235,1054,1667,144,403,662,350,1135,1386,2310,1696,636,1177,500,1288,475,1513,385,947,485,1151,390,521,1713,507,1037,1024,1810,356,673,762,463,2104,1103,540,859,3366,359,632,523,1725,1200,171,862,190,631,1534,1985,2207,670,1331,1718,1508,2819,1885,1962,724,780,917,512,337,1042,1623,2475,1429,1203,440,1108,4245,2278,953,933,2940,3190,935,635,3834,1100,496,648,186,2013,1206,951,665,566,2329,942,2646,1642,1329,1340,601,840,1368,2570,1408,686,1219,1156,1401,461,1080,54,496,720,599,599,861,1032,667,653,388,1762,591,1114,848,2159,910,535,795,622,898,339,1153,834,894,622,460,3328,1638,2125,415,1130,974,526,582,795,497,1204,791,2036,442,1609,2987,936,1245,683,794,870,1504,798,719,652,1527,1311,729,868,211,1080,514,572,415,2303,706,404,1471,889,842,1144,918,866,2117,376,641,1663,2212,309,394,120,1123,2349,559,91,1109,1468,395,852,481,443,1013,352,558,2054,494,385,816,875,1198,1523,1054,435,615,4328,4994,548,640,598,706,1103,1337,385,804,1829,1041,1919,1000,1381,196,775,316,256,1242,428,68,609,1330,1116,4067,485,333,188,313,701,989,562,1639,571,9224,937,423,321,623,435,858,1662,1434,798,1941,7716,1820,2715,522,976,478,748,950,1817,859,1531,1027,1994,661,1094,242,1034,1391,391,970,1956,852,1637,1968,605,1027,272,513,606,257,2234,3105,1176,869,2227,227,416,851,320,259,400,410,577,1173,510,557,1338,1155,672,1488,602,1134,1246,701,1234,366,2275,911,898,923,1007,1803,732,2311,278,1097,1396,1127,547,1094,1182,55,1944,2449,179,165,1033,2280,294,503,2348,1207,1568,918,158,246,1504,554,794,3397,277,453,740,1457,623,1685,893,710,945,2750,590,620,2104,472,293,492,314,1921,918,1703,661,719,981,572,771,443,154,570,637,1284,484,457,3464,1301,1009,975,475,745,511,468,483,944,1265,588,908,1000,312,777,659,297,631,1023,1087,1627,1234,1030,264,443,3396,1514,748,1148,1753,2629,2297,657,1431,1072,771,393,751,325,613,1458,921,494,1691
X_SMC1A,85,363,239,99,277,108,109,52,211,186,101,77,507,141,299,194,416,98,191,34,212,170,51,150,858,40,63,67,19,78,278,242,93,0,153,105,73,268,183,287,236,228,125,25,661,62,73,181,113,89,295,302,167,120,303,199,211,59,296,87,92,173,402,37,642,158,84,76,74,449,120,185,105,255,128,181,182,150,67,24,102,93,89,192,337,168,140,228,257,169,35,48,145,392,119,235,51,80,275,193,91,1,157,112,73,33,89,91,62,509,109,83,418,264,205,155,77,289,33,115,173,238,132,232,127,110,98,73,457,45,126,30,309,239,62,312,18,298,67,179,97,309,70,247,246,70,45,70,64,226,35,367,343,114,194,154,36,16,223,56,76,56,17,85,95,689,134,205,162,419,19,2,118,56,25,120,184,70,70,126,58,2,25,872,158,91,458,179,27,83,63,202,49,63,203,82,60,175,83,499,58,132,645,171,16,22,1,84,139,26,347,252,81,298,36,203,121,158,78,155,68,180,57,162,185,246,61,496,35,205,154,314,206,174,2,184,48,67,204,83,98,108,31,125,98,39,128,70,224,59,107,88,5,71,107,133,292,101,49,103,51,50,207,144,324,954,75,24,92,94,379,132,166,48,65,56,725,143,86,119,318,24,58,215,70,90,54,365,397,140,80,78,382,273,147,106,77,532,191,82,78,74,289,139,247,72,38,76,78,62,153,85,184,751,614,332,253,146,120,166,93,255,139,114,309,195,86,104,83,89,366,207,87,82,239,310,73,116,60,233,183,94,76,984,115,883,66,378,324,323,449,74,145,189,61,41,236,61,48,46,64,67,188,44,86,244,101,50,114,112,124,29,107,108,257,124,105,155,116,87,27,75,86,11,29,94,258,100,40,102,57,178,180,44,294,73,211,103,555,107,149,206,70,359,109,0,79,10,249,131,47,172,34,80,35,45,56,131,114,50,86,119,56,244,130,177,661,70,106,196,629,393,74,150,156,360,251,76,327,163,77,46,170,26,29,1382,4,113,529,22,210,76,32,28,116,108,53,94,293,239,236,75,137,271,119,415,14,180,122,87,59,128,35,278,170,233,438,78,138,140,134,93,200,51,133,340,86,258,239,218,95,3,165,127,80,289,239,89,112,522,229,101,355,71,216,97,189,48,79,9,504,86,312,23,278,93,366,294,143,55,152,121,76,122,44,121,385,145,161,146,98,45,319,109,118,125,108,216,72,51,282,282,52,78,259,168,63,111,6,81,225,62,56,41,236,133,65,88,45,234,44,139,180,275,50,108,80,52,467,258,24,109,68,93,40,409,165,100,38,120,381,61,195,50,369,106,135,36,80,108,470,390,158,231,107,96,90,229,124,74,46,66,178,101,178,110,21,189,443,19,175,273,64,45,64,129,60,582,207,190,69,69,117,82,81,64,153,21,97,50,77,87,61,41,222,175,77,98,358,49,164,40,279,144,57,217,146,257,91,238,70,269,437,420,122,56,103,300,46,192,90,821,155,370,72,122,167,99,198,94,435,253,22,102,318,253,12,346,594,156,252,172,219,88,265,46,84,165,32,104,103,208,159,200,58,275,20,39,271,138,140,98,160,98,77,113,166,113,126,167,54,125,12,96,41,102,123,45,116,61,151,52,98,104,155,34,670,49,44,130,402,216,70,282,224,464,173,83,73,256,346,70,341,448,165,193,123,227,91,16,39,143,186,42,120,81,136,59,130,105,35,31,233,21,110,151,79,47,212,212,459,7,337,382,78,199,28,65,25,107,179,115,107,109,256,73,31,97,9,258,154,32,90,460,165,193,249,81,146,189,166,51,58,17,47,80,281,171,394,13,128,10,41,48,114,83,96,56,293,95,91,409,318,125,221,1141,1111,151,415,294,293,103,134,30,102,142,134,124,253,117,145,137,99,511,38,400,58,78,178,235,353,116,113,24,253,184,227,73,15,54,66,96,46,196,97,138,82,186,190,86,15,292,83,484,298,49,23,266,535,293,424,453,550,43,162,115,105,144,267,2,121,120,61,75,28,43,206,368,74,99,177,157,273,143,421,50,121,61,94,180,137,88,60,19,74,92,256,198,54,243,119,134,38,52,382,64,120,264,352,454,255,524,45,225,200,189,106,101,226,215,149,132,98,34,204,91,255,55,89,38,65,16,118,151,18,267,175,90,130,56,74,132,425,35,129,46,310,376,73,21,166,160,17,0,65,284,586,56,179,43,59,1484,30,61,125,34,204,83,297,128,38,119,23,87,186,265,84,115,98,7,172,119,128,486,144,199,207,394,76,117,187,175,189,94,421,86,148,516,101,145,46,69,64,29,37,19,108,43,50,98,117,149,71,116,92,43,112,174,529,216,361,168,221,123,223,171,86,47,100,164,87,53,29,133,66,173,465,121,143,31,115,242,86,166,222,96,103,51,40,355,83,99,96,73,79,145,294,55,89,114,140,68,136,348,63,46,231,79,77,128,260,54,247,484,168,276,229,97,122,149,41,195,55,64,273,59,45,89,163,86,122,234,90,116,65,323,157,104,203,372,238,39,238,322,185,104,210,230,180,347,222,148,34,47,141,310,41,35,119,129,24,83,236,46,127,111,52,159,41,508,9,157,106,41,144,125,116,4,20,136,58,108,130,119,230,102,71,138,38,236,920,113,151,138,27,238,99,51,40,98,352,65,73,127,249,296,165,51,147,47,51,166,385,103,146,286,192,160,75,575,71,36,377,42,131,411,43,192,268,135,74,402,120,307,186,82,671,23,15,63,141,121,532,29,98,97,639,239,137,489,98,164,46,55,39,200,65,83,269,133,91,111,276,63,162,238,126,3,0,59,31,584,143,164,125,107,48,110,134,119,74,108,60,24,113,294,200,61,74,156,73,202,109,79,83,37,0,268,220,158,154,105,20,148,82,38,65,109,33,276,89,484,38,142,120,26,97,406,269,11,58,71,76,50,136,62,114,157,267,137,385,258,188,42,221,173,108,51,55,51,76,63,144,61,20,87,184,105,257,108,100,98,29,743,249,153,77,57,42,136,414,75,45,95,38,399,31,141,57,127,218,39,228,6,47,193,612,370,192,129,78,22,213,693,203,108,58,147,59,135,101,458,51,62,139,60,75,69,182,84,241,131,63,121,430,131,268,115,240,124,48,185,23,62,128,63,71,275,49,238,141,30,143,83,36,251,65,130,197,127,310,166,92,47,51,69,29,102,168,122,282,20,73,250,312,59,97,102,232,79,80,126,124,142,176,104,210,129,100,164,184,78,94,90,30,26,198,244,127,612,82,96,78,249,22,112,72,122,54,144,88,82,72,475,38,70,131,81,81,76,445,209,101,182,185,137,94,148,56,104,73,148,53,136,461,182,55,2,37,255,300,108,123,77,71,62,132,40,450,139,153,119,149,163,139,101,49,72,152,72,202,37,127,70,82,26,100,88,48,2,43,114,165,172,137,108,116,128,140,109,114,259,60,144,113,167,441,63,39,309,225,201,112,72,160,90,237,86,181,101,209,202,124,85,340,118,70,73,88,159,156,172,99,88,210,79,312,168,83,88,43,132,82,39,126,79,762,118,191,87,342,23,44,76,2,9,19,432,85,49,168,143,62,109,56,338,15,264,190,349,59,172,52,472,200,303,175,62,208,121,52,139,62,161,80,675,85,222,79,146,151,117,195,45,132,69,4,61,161,110,68,544,51,149,14,72,311,402,58,3,406,199,13,51,174,18,54,367,130,78,52,144,78,190,145,64,511,97,294,190,497,138,137,79,74,166,127,240,161,283,166,429,93,234,88,93,123,189,107,197,75,66,37,128,191,82,72,258,456,262,263,71,0,199,96,79,79,75,70,101,57,219,42,52,81,541,13,142,239,80,152,11,42,66,147,39,114,16,65,51,54,341,114,52,33,407,241,385,60,46,39,375,32,20,650,108,189,80,63,61,69,130,74,141,71,347,74,72,74,155,30,142,116,201,332,68,264,61,143,60,64,161,75,125,81,99,394,353,179,171,161,143,247,52,69,73,79,134,57,224,38,24,88,77,95,171,99,37,56,93,472,54,30,564,39,223,89,316,261,40,45,116,48,218,3,146,99,8,187,57,146,404,117,137,62,81,124,91,167,59,432,90,199,981,28,226,164,581,97,88,276,32,90,62,108,211,61,65,64,82,215,103,83,0,92,281,82,198,473,95,140,183,823,248,200,113,87,175,67,24,166,98,142,116,212,114,94,86,284,189,149,208,68,100,33,139,182,77,54,175,162,232,471,163,93,153,103,240,1262,153,83,36,178,60,63,144,1255,77,51,136,191,32,333,64,88,166,196,112,25,82,41,116,223,116,214,65,25,48,142,301,150,162,48,113,150,27,198,261,90,67,267,95,135,299,206,82,170,197,88,144,106,83,222,58,110,22,83,76,473,263,102,256,303,223,144,90,57,126,136,200,225,72,20,306,173,83,39,124,29,91,244,75,164,38,255,189,240,42,73,27,47,244,185,229,73,52,150,58,113,74,127,124,45,395,75,180,42,87,247,16,96,3,283,81,46,94,245,339,102,132,154,222,107,27,75,151,74,114,133,65,95,42,185,2,81,265,36,82,157,23,84,101,72,361,46,48,232,94,203,209,44,56,312,120,60,140,30,47,167,206,96,312,542,368,182,113,71,60,492,108,65,31,108,315,64,68,105,10,99,131,127,413,168,48,187,68,66,112,327,15,96,73,66,117,481,98,68,163,99,523,246,87,204,108,107,92,88,78,46,100,61,128,183,179,751,409,145,321,173,72,330,54,68,18,524,116,179,152,130,447,188,87,392,347,57,59,34,487,505,160,51,146,86,77,131,261,3,66,71,25,60,140,378,95,64,588,185,360,109,813,74,58,73,384,765,243,227,115,230,76,50,169,122,182,236,167,160,72,98,115,55,123,82,85,274,115,153,533,115,124,105,249,69,366,109,172,13,109,149,118,131,90,276,73,132,135,23,262,157,111,220,59,137,253,213,57,93,99,236,141,206,71,80,97,1247,125,171,168,97,226,264,72,85,132,12,187,42,46,190,131,60,99,68,1099,99,202,101,295,139,954,228,449,136,91,119,308,70,15,161,56,92,99,576,98,211,23,64,41,111,200,41,134,42,119,192,261,188,69,408,69,314,117,83,202,75,174,94,105,108,162,11,202,217,68,97,245,138,477,52,29,4,71,92,360,4,85,153,28,29,136,59,127,93,78,292,171,32,83,28,183,81,78,229,111,51,129,24,53,248,28,23,156,76,91,475,100,159,145,255,194,80,65,263,181,183,35,156,94,59,119,254,64,116,184,43,53,118,127,154,101,102,67,199,350,21,126,121,473,67,195,113,134,112,132,45,304,63,90,52,77,614,96,71,137,182,71,38,144,9,449,72,106,66,302,174,685,149,72,61,89,37,100,112,211,55,60,15,89,109,56,162,172,205,208,74,209,98,213,124,116,34,539,116,55,156,144,732,200,107,50,71,91,116,242,118,276,355,40,56,23,120,218,89,181,146,78,104,86,152,124,22,172,71,180,66,42,99,69,5,85,332,27,37,45,24,446,122,109,39,533,48,96,106,85,128,58,79,62,65,170,165,151,85,227,184,219,249,291,250,43,76,30,66,72,161,351,345,121,129,47,180,451,471,107,28,420,601,124,137,478,94,29,76,41,153,112,69,136,68,33,92,255,314,332,110,166,102,329,302,311,133,9,169,122,46,256,143,58,73,60,95,87,54,87,62,32,315,54,98,188,322,79,27,50,90,67,58,408,147,148,178,226,443,172,229,217,309,128,93,180,95,10,140,36,247,104,94,191,240,270,40,128,129,99,128,247,45,139,56,104,191,34,202,63,165,33,232,78,59,287,77,33,115,72,160,62,73,147,75,135,7,122,46,204,460,55,51,349,306,59,105,52,96,206,63,87,383,72,85,64,13,84,416,83,44,87,717,411,63,71,56,51,109,273,146,44,90,54,92,108,213,88,78,17,14,104,76,90,65,107,70,577,132,146,190,67,109,86,22,327,38,1610,183,251,43,25,82,119,50,119,103,382,1675,316,270,36,147,89,89,219,152,146,201,57,159,54,4,16,106,154,71,167,145,185,138,302,7,139,80,84,67,247,103,267,43,162,185,131,49,156,174,47,53,95,29,93,142,23,48,204,87,172,41,167,538,17,301,184,409,127,131,176,156,260,636,312,107,96,252,57,57,209,105,34,116,329,138,210,115,314,50,60,213,74,548,79,52,63,109,141,65,198,17,127,42,63,150,91,56,95,137,493,25,62,131,57,170,121,97,73,104,143,31,42,67,24,126,69,26,54,39,87,59,159,865,113,44,119,63,241,79,131,67,150,70,78,97,184,49,71,39,52,59,157,46,220,103,172,57,61,482,297,112,154,156,286,517,50,235,221,154,102,177,64,106,145,154,33,123
X_STAG2,1213,2345,1232,1066,1601,2364,762,1355,895,1878,1429,324,2020,1901,2291,1653,2501,933,1532,918,2397,2842,450,2646,2137,688,1658,490,1533,1734,4181,993,2000,398,1205,859,721,1258,1205,2125,1906,3402,4109,1135,3199,560,444,1819,643,853,2430,1778,1543,549,1984,964,1413,786,2621,1428,732,1534,1577,449,4214,134,391,716,1042,5707,958,195,454,129,722,978,2162,1747,523,1565,1783,914,2582,977,777,2035,624,490,4094,1090,543,710,1362,3226,1182,2397,459,661,1530,969,748,488,1641,1223,553,1673,618,1063,804,1692,875,740,4324,2631,1264,2292,354,1702,946,625,2291,1719,1041,1569,2110,1340,541,1268,3435,1379,3347,703,1311,212,852,1512,1223,1079,558,3102,989,2849,810,1753,3505,308,712,1277,986,962,423,5073,3434,1070,3410,1086,1225,856,1942,1531,761,729,24,600,818,4689,2174,791,564,2099,5891,961,1029,576,545,1211,953,492,527,1401,975,2309,300,2895,1216,952,4107,1714,930,1147,880,1887,1061,859,966,1284,638,1071,534,4691,3066,1324,5888,1856,248,787,5,1304,1576,304,1558,2772,672,4442,769,2140,1294,2877,955,1416,1817,2568,699,2290,1746,2891,2561,3076,497,1013,1600,1883,1317,1688,812,901,1063,993,2231,836,1391,543,792,998,773,836,522,2006,1925,1986,1387,527,410,1086,933,1754,2121,1139,334,824,751,407,780,770,2060,7211,1084,195,978,733,1240,2758,1412,910,129,1875,4013,1166,997,872,626,513,556,776,869,1498,1252,2491,2836,1992,995,903,1581,1449,2647,1904,569,2706,1956,692,421,1529,2440,1335,1282,838,492,632,956,903,579,994,851,3036,2854,1573,2927,474,487,875,1421,616,1535,1031,1218,752,402,1064,1161,1217,2857,2214,3171,782,2175,2986,1340,1307,1149,4628,1450,1623,500,5194,571,6963,647,1962,2330,3281,4954,790,1199,731,825,522,1863,83,1435,88,1365,1811,2889,1417,1991,2147,2281,521,103,1133,1323,752,1248,1703,2323,835,2178,2079,528,1299,713,812,1243,505,555,2048,1414,409,876,753,507,874,1960,553,3919,402,1145,831,2622,2830,1583,2403,1038,1043,703,2423,1777,2880,1194,1068,773,1558,779,502,639,885,977,1877,1471,1146,467,421,722,1332,756,1222,2121,1170,1455,3291,4937,2207,626,1355,957,1715,2173,860,3458,1254,1772,867,2592,724,498,4617,298,1154,4469,412,2129,873,642,1494,800,2220,464,803,2288,1184,2143,690,56,2967,135,4419,298,1119,699,1010,952,1081,1232,2487,880,2146,4081,688,1171,1375,2136,1056,1063,1645,560,1500,1222,935,2142,1332,1027,559,2521,727,734,1939,948,1391,2568,2243,2787,1521,2025,827,3277,1287,2861,771,655,673,1117,520,1050,947,1775,796,2312,1161,1105,553,988,1615,102,1296,953,1586,2441,2089,907,1554,739,2344,3983,919,512,1397,2070,1772,693,1879,1296,3993,1353,1620,1786,2488,857,2527,486,637,1313,1196,1061,646,2170,1407,2458,760,876,1307,782,2451,2029,1284,1519,835,811,858,7225,2147,1843,1188,2054,495,1238,2349,1118,524,670,1608,3607,1400,3390,789,3451,1939,1939,1103,736,2595,3158,5136,999,4327,874,502,739,2472,2004,589,711,511,3923,2068,1779,771,539,2499,2786,484,1264,2121,618,736,518,652,1412,3281,1719,1544,2275,607,1481,1250,1181,818,317,377,1275,680,1512,1195,694,736,431,1072,1100,1245,4553,452,2051,680,2557,716,1167,3276,41,1721,311,734,874,1399,2419,3038,1124,873,289,4018,886,1887,1547,4142,555,1816,1806,1485,2963,1107,1596,1290,2224,1087,337,1499,948,899,258,2898,1976,1067,4328,1433,1804,339,2404,1439,762,707,430,1391,895,1594,3333,2954,497,3065,822,599,2843,1811,1906,1514,2116,1846,675,884,966,1013,1423,1746,641,2063,1477,1504,771,601,2101,589,870,686,892,554,223,1578,1138,800,5163,572,383,1396,2423,1639,1251,2700,2391,2143,1058,589,1046,2736,2675,798,4616,2282,1874,2044,1615,1889,675,774,509,1469,2457,2109,1233,1202,1408,1061,1555,531,848,672,1559,311,888,947,529,584,1260,2267,4157,624,3382,2132,1432,864,1010,2209,983,458,950,571,1124,584,509,457,353,1518,817,3501,1120,489,415,2060,1088,2946,1060,1151,1878,1630,1316,466,758,406,860,401,724,1122,1908,633,892,965,462,1204,1484,1719,1403,596,1596,783,1192,4210,3155,476,1481,3985,4086,1465,1999,2423,2220,1373,347,479,1517,761,1751,651,2005,1114,1288,470,409,1958,414,4385,668,344,4051,1985,3037,1057,900,713,2041,1810,1609,853,637,905,1587,89,566,1001,948,1449,1199,369,1568,1041,1228,1329,544,2954,2016,1421,955,3716,2695,2705,2426,1872,2794,1498,1453,997,1096,1104,1163,2537,2082,1188,1048,884,1709,1813,2874,2663,1276,517,1450,1798,203,672,1653,1626,546,996,677,608,803,1033,380,417,1350,1027,3739,1173,725,1516,1667,1587,1365,1268,1927,963,524,1339,3583,3812,1268,1345,512,1276,1137,2449,299,2915,2631,1618,1502,1451,927,695,1141,1498,1615,1027,3051,903,1372,614,635,3772,1323,3269,863,1566,2002,1150,1132,1473,2201,594,1169,435,4069,3185,1096,778,508,1451,535,9,1310,1864,3995,872,1839,829,801,4875,555,950,1073,613,1582,368,1875,1246,714,396,385,2080,1017,1104,263,753,1422,1381,3124,1133,1580,1987,1913,1662,1731,2314,1212,1935,934,1251,1318,1121,2596,695,145,5347,1580,1866,840,994,619,1046,867,501,1006,331,1432,895,3087,1247,655,1623,2035,583,1670,805,2802,945,3067,732,618,1445,1395,1031,1185,775,571,1726,1508,816,759,321,914,1667,4446,1204,874,867,698,1243,332,1710,1387,1114,704,9,956,1761,1334,2990,1311,2321,983,3304,2293,897,807,872,996,111,1186,3180,652,1002,2473,1378,864,3203,2838,994,1001,2304,1081,1995,2128,1405,838,2871,589,347,362,527,2338,530,508,376,2140,706,890,881,1193,2266,695,1885,1147,1378,870,2940,1426,823,930,2264,749,865,1893,2670,4287,2684,2960,1446,818,585,2713,3457,608,1025,821,2115,1326,1123,1754,613,1362,1817,1020,1748,1068,3087,663,1093,668,710,1125,1897,1665,610,409,1781,1180,94,1143,1368,3022,858,1261,143,1011,1652,4121,645,1147,3548,935,3350,1205,936,1199,469,2025,1288,520,1328,1291,2606,1619,690,1558,214,1171,471,1865,650,1185,2068,1646,1318,148,2365,562,901,1907,577,2538,1768,234,1302,2409,1153,1811,4318,2719,2252,1588,602,3926,570,762,859,743,565,4540,324,874,966,5196,1799,732,4445,633,2408,927,691,781,1423,754,1437,988,936,1463,449,2399,1050,965,1213,1484,797,231,491,569,4439,1522,966,954,459,673,1895,878,1469,1728,25,1046,1301,749,2267,1327,625,1663,690,767,1407,427,689,1623,525,751,2641,2604,649,755,1248,1212,1509,170,906,1441,877,696,1089,1239,5130,600,1427,1902,2089,1947,3507,2054,384,1879,688,1243,983,647,1291,400,655,2269,694,4885,1893,1050,2228,1761,3280,3089,555,564,659,693,1386,950,1473,2024,1144,1865,834,997,1106,2038,351,860,2508,4737,569,1518,107,752,844,3141,652,794,809,561,3579,499,963,479,1993,1787,663,541,577,1199,3874,3275,3591,1139,696,1519,97,1867,6079,434,709,753,1743,810,1107,980,2308,605,665,715,368,1541,514,600,1717,2367,1397,1949,512,2436,794,2701,1548,3153,1103,544,3510,491,1459,448,1567,499,2363,804,2567,842,737,826,459,435,1256,657,707,652,571,2442,1165,401,220,1046,1200,812,1961,2415,495,2055,911,768,2622,2011,1266,864,925,1460,435,534,439,648,1168,1524,553,477,1652,1588,1060,1691,283,892,661,215,482,1219,2380,1777,2538,181,937,899,5108,655,783,972,1689,606,1439,406,641,75,1765,440,365,2363,767,788,869,4058,2808,586,1387,1825,1175,590,2755,568,1703,707,1573,18,1005,1887,1312,737,1334,764,1342,1893,350,2413,652,1703,520,1215,1076,6141,2384,2077,1753,1472,870,2727,1039,801,830,1657,1419,1075,699,994,915,953,569,762,1293,697,453,438,1302,1352,2801,1517,990,1472,1094,2910,1318,1143,1329,3078,1145,1092,1363,3272,1173,1394,1455,1382,2244,2104,389,1042,563,2255,1227,1246,1891,1407,2668,2384,758,3131,1232,887,1595,1054,1920,1147,3336,2140,878,2975,644,4144,2160,1020,654,980,1768,400,399,1180,761,1487,2461,1091,603,646,45,560,828,447,1191,835,2584,1265,1215,1261,1041,342,241,774,2341,1120,2565,1806,1749,612,1782,187,2596,1596,2351,1652,1343,1849,833,559,988,899,723,40,5512,255,2392,1666,1469,2109,1058,2840,828,762,41,1924,1007,1134,549,641,2657,1170,854,620,694,2639,4274,1653,1410,2506,1254,1961,527,1154,262,1196,2059,1230,807,351,2299,697,2141,1367,709,2497,872,3107,1102,4355,1821,2316,1436,1344,819,1189,2361,695,2403,2198,5683,614,2758,1096,2126,1346,311,704,2878,954,1052,1011,1359,3000,1531,826,3070,2874,2232,2714,140,887,3175,1372,1704,627,1625,2027,496,1486,2501,310,957,848,5196,974,630,282,1924,1368,797,461,1377,1399,316,1373,2568,279,829,1794,5141,1119,619,877,1026,2368,3131,551,679,1013,3464,1397,606,6608,626,2524,476,1016,1254,1465,1385,1744,2370,2416,3703,1272,2435,1366,575,630,1360,1513,1021,2744,655,3532,1041,1377,1384,792,1771,3522,1195,1081,2148,2805,3180,3397,1908,2137,1901,1276,308,790,712,1122,1359,794,1386,1163,608,818,1520,1248,620,3277,983,903,1569,2799,966,614,2003,759,4783,1117,1787,1446,1392,863,222,517,640,2240,662,383,622,1488,1409,2814,1994,1669,2392,798,2607,1373,1342,1727,887,1520,527,1465,2986,860,1849,1253,3573,862,682,3620,1818,898,657,675,1699,1242,1024,792,426,2792,1502,780,1403,2104,2094,256,2161,1500,985,827,1473,4656,1536,817,485,636,388,852,1072,2168,831,933,1436,1250,1629,455,1061,2404,785,1409,916,537,1742,811,1571,1354,1257,815,1538,2657,2779,1019,1279,111,1439,1605,939,9825,210,856,1323,1839,1509,1849,1154,3438,502,588,789,1509,670,472,806,570,1312,1999,720,1539,920,590,3194,1423,943,2318,1070,686,806,1765,2573,1873,1819,992,1587,930,641,834,1573,1810,1407,1896,371,1820,2410,2141,1308,1147,2356,1725,2058,437,935,891,467,899,410,444,1164,2869,2237,1208,3641,1938,1737,748,1701,1167,746,3209,1793,3548,718,478,2957,2762,1756,391,1144,556,1893,1303,2146,1201,780,2687,946,2276,1238,2225,731,762,1338,1500,1834,1034,442,1258,1053,914,507,1973,2322,937,808,929,2023,2120,956,2766,590,955,1091,3603,1829,556,1181,2412,2543,1007,1157,1529,3049,574,1402,1371,1411,1082,749,1420,711,1731,2785,3029,871,772,1425,397,1506,1083,518,1456,1237,761,1852,528,737,1229,590,575,1557,902,509,1634,1706,806,1196,1071,992,2002,3747,517,2080,3793,3034,1481,1472,78,1340,1309,592,160,1681,2120,1422,632,788,685,480,1760,683,1892,1677,1611,266,1214,1554,1278,846,1352,639,1537,595,1544,989,2194,1232,2189,1500,842,4949,4063,2015,2591,1409,1870,305,407,184,787,1392,955,866,1208,1688,3121,2858,1567,2119,1346,675,2205,1427,563,1139,963,972,1613,1362,515,2611,876,1883,4044,3015,1440,826,602,3219,2135,1294,1282,953,1434,581,1585,4124,900,918,1227,576,231,1613,2459,1633,67,3551,1939,2857,310,2826,616,877,382,2350,6450,2085,1712,1412,1945,1030,963,1134,1251,2451,1538,1687,846,2487,915,1540,783,2328,718,1224,1814,1512,2779,2040,1522,1569,1747,2451,1067,2892,1067,1644,662,1647,869,872,387,718,1520,1310,1722,1034,650,3029,4774,928,1681,937,532,3189,2259,449,1474,602,2090,808,1845,719,1944,711,4420,2232,1442,2002,1151,1588,3152,1939,1411,1191,1727,1066,627,1174,6181,697,553,681,310,3390,1447,1842,1335,2280,854,5586,1359,1535,1398,838,799,2104,439,755,1222,723,1060,805,3082,364,379,571,978,1418,1888,1878,523,691,450,1527,2181,3609,1681,627,2707,3143,2236,1820,543,2427,573,885,2167,229,2980,1089,1182,3651,1394,462,452,1757,1433,1899,528,419,1778,1125,1217,4686,908,620,1635,447,880,2445,1530,1547,1163,605,2289,1751,615,581,2286,1848,1797,569,1424,1109,289,3305,770,701,1412,2304,377,748,415,1422,3563,1980,1498,1214,991,1783,1310,897,1691,2558,544,565,1178,1128,424,1099,1660,1272,2023,2716,469,599,1369,1358,817,1084,1073,582,1737,1259,1371,1536,2070,5120,1463,1052,1300,1016,2555,1120,857,3077,574,349,843,1463,2899,1222,870,1192,571,1217,375,1187,551,3796,629,2053,683,3411,1600,3620,1656,664,436,1237,698,912,117,1956,1430,561,238,2015,934,826,1833,317,2225,946,1250,1162,846,2096,582,253,361,3005,3076,819,645,1134,6021,1289,1581,553,652,479,1122,1486,1472,2510,431,642,997,512,1234,987,2202,1957,806,1444,595,1428,2637,919,519,688,606,1943,882,668,2043,1404,1129,504,2802,365,983,472,546,2582,1762,965,1203,3048,1062,646,1119,1337,1578,490,953,721,809,1819,1764,1358,511,1419,2378,1123,2519,1722,2174,334,811,782,326,523,1686,2102,1917,1536,1039,63,1285,4858,2229,1244,783,3568,3988,1911,1564,289,1133,650,583,575,2413,1466,798,1123,285,2894,1194,3051,2156,2914,1832,598,916,3362,3706,1004,752,2572,1190,1430,816,2606,1450,283,270,823,770,898,1162,1094,208,414,2652,266,1323,747,3196,2223,392,953,1085,1059,378,1928,937,1320,1978,1688,3759,1453,1719,2919,907,927,564,978,1695,864,2720,858,2312,756,1776,686,1525,929,695,1764,1925,691,167,2142,794,1522,854,598,818,223,1366,274,570,486,2364,673,734,1656,663,1004,1693,1290,1090,3002,461,557,1517,2172,1392,414,814,1430,2089,348,919,2876,1994,568,1633,458,602,1209,612,680,1892,167,506,862,1475,496,3324,912,590,423,2337,5986,576,520,858,1027,536,3527,510,1203,2478,306,1837,1333,1961,673,860,1677,990,1217,756,792,827,1868,1000,4863,1617,1418,653,503,718,1267,769,2732,1173,10267,1419,1146,586,787,759,822,1890,2044,1045,2259,8503,2518,3127,892,1363,1138,968,1143,2339,1590,2337,312,1992,651,1451,675,1076,1473,653,1017,2764,1339,1125,3150,1127,882,1343,920,616,3301,2346,3982,1126,1552,2396,988,385,679,1276,681,649,485,482,1384,886,567,1076,1953,774,1057,904,2285,2323,1031,1766,2377,2042,1390,810,1377,990,3211,2182,3099,437,1614,1672,1327,888,1483,1046,607,2613,1468,2769,1853,1272,2479,878,475,2822,1404,991,1865,626,1190,690,1585,818,2734,997,218,740,1293,784,2628,586,974,2707,3438,818,969,2600,791,2676,1768,655,1866,949,1276,895,698,1033,777,1034,452,692,730,1087,1429,653,1743,3500,1055,580,1255,1070,1994,453,453,608,1920,945,42,1047,1761,567,659,664,1075,963,2263,1148,1167,1892,678,1000,585,3257,1677,752,2210,991,2848,2360,1005,459,1348,668,534,1202,318,883,1652,1747,887,2133
X_PHF6,576,1166,766,822,846,1162,616,707,929,966,1128,276,1358,662,1240,796,2144,322,911,260,1651,1108,363,1295,1273,445,1159,513,642,1146,2756,303,989,319,846,970,508,1379,671,1736,1225,1392,2428,546,2735,380,382,1385,571,545,1198,1102,1762,355,1687,1109,387,336,1858,674,419,981,1392,361,2654,447,538,621,185,3271,169,717,474,1380,455,173,1267,838,679,1297,818,259,1203,1235,765,770,486,558,1751,841,348,334,771,2320,181,1095,444,517,1034,865,998,714,905,624,519,36,483,722,506,1113,1003,494,2053,982,1128,1431,478,920,966,265,1179,922,794,762,1009,779,450,777,1519,997,1349,351,1421,1102,550,584,520,985,392,1985,335,1469,585,1339,1892,262,502,760,1246,959,493,2827,1396,1092,1612,869,873,273,1371,571,657,241,238,557,473,2837,988,849,505,1334,666,544,570,407,285,956,642,349,523,875,1068,1559,297,3498,834,815,1649,1183,600,706,641,724,66,828,1190,615,551,568,289,2726,1005,960,3197,1082,102,527,7,74,812,334,1296,1525,517,2338,359,1325,345,1189,756,1062,1093,1714,565,966,1066,1161,1010,1019,363,281,816,1094,884,1104,839,467,1511,443,1524,547,1277,506,401,830,658,585,461,1089,667,1056,115,518,435,702,942,995,1227,681,359,534,367,444,495,646,1244,5343,356,730,344,188,1551,1052,1226,579,393,1203,2952,1117,580,353,984,302,393,596,802,734,627,1277,1720,1008,667,720,1460,561,1650,1154,538,61,892,504,389,519,855,1045,1377,715,409,483,515,546,1467,963,975,2087,1832,997,903,510,500,654,751,228,928,689,881,489,393,684,711,613,1758,1685,2241,347,642,1353,863,1132,506,2388,1040,627,433,3113,617,4679,1007,1585,1212,2146,2669,392,856,1262,581,425,1089,774,970,378,909,1338,1042,198,727,1220,1326,505,714,163,789,428,618,715,1558,794,1357,1314,396,486,297,1036,928,146,311,504,1005,539,564,833,183,382,1485,312,1784,1099,1147,553,1477,1768,849,1526,769,659,536,1002,1307,1985,1034,528,397,851,525,439,288,698,700,1443,628,520,458,380,511,825,1420,951,1139,742,622,1668,2251,1561,297,543,72,1562,830,692,1569,891,871,633,770,463,291,3222,551,607,3417,245,1580,705,564,826,738,1074,457,465,1400,951,1134,561,639,1432,679,2565,465,1474,479,571,677,648,555,1164,694,1425,1611,559,734,902,811,567,1010,679,986,1048,776,641,990,784,562,69,1167,509,676,778,911,314,546,1485,1362,1034,1335,805,1812,930,1506,209,584,776,1895,483,1057,377,1077,537,1482,921,580,374,722,724,488,863,740,974,781,1628,910,997,621,780,2610,442,1175,759,998,1031,438,992,965,1207,1041,1345,1229,1371,1267,1400,201,361,721,170,971,263,1414,1361,1067,547,499,980,360,1153,1404,641,856,617,582,459,3265,256,527,711,1436,492,1061,1195,252,624,233,988,1655,1367,2305,252,2954,1296,1174,753,458,1118,1614,3392,690,2270,383,377,519,1343,959,364,469,392,2002,681,817,571,298,1228,2278,217,1121,1280,486,503,347,438,768,2078,641,959,798,341,845,1069,732,608,61,357,542,409,678,692,217,425,893,831,681,892,1347,405,1115,309,1820,501,468,2139,572,649,299,50,523,277,1214,1831,686,560,354,2215,498,863,845,3206,551,1308,979,1163,1127,696,967,559,946,904,151,888,726,702,624,1121,1635,478,2370,520,995,360,841,1153,577,718,497,906,189,1175,1386,1368,441,2631,760,324,1560,999,934,567,893,1181,564,663,805,366,1272,1580,408,585,710,979,325,594,1437,417,1229,362,674,370,463,818,890,604,1586,409,462,679,812,988,851,1565,1315,1683,710,526,733,1313,2109,531,2909,1304,946,1729,758,942,446,569,328,247,975,1025,529,480,890,550,986,424,60,434,627,337,676,644,399,291,581,839,2193,325,2053,918,451,626,175,923,588,20,578,316,604,428,226,409,343,928,311,1787,544,402,548,1553,985,1285,1311,1046,222,1344,1277,381,308,2031,285,291,2167,1213,1905,237,857,390,299,573,649,615,729,321,959,455,603,2249,2077,525,858,4160,2709,1208,1217,2010,1155,788,962,420,687,488,895,680,1571,692,218,544,281,1467,310,2324,498,525,1837,1114,1119,752,77,231,1021,691,943,380,450,800,311,389,372,999,586,664,471,312,630,707,925,1128,604,1642,689,590,447,1553,2119,1842,1155,1534,1917,799,1043,819,965,578,1049,1167,1178,812,27,646,1217,1051,1362,1419,652,485,891,994,650,469,1555,799,526,607,520,437,642,647,288,903,820,490,1931,648,476,1108,1079,701,792,790,2290,848,642,1601,1814,2268,969,581,170,599,1027,1231,182,2748,2350,1005,1379,812,545,354,952,1175,1818,289,1379,457,1483,324,543,1852,557,1633,581,602,648,287,356,1042,929,143,811,359,1627,2081,453,605,537,807,338,9,1174,1193,2168,607,787,702,494,3404,327,598,715,407,989,99,1643,921,384,273,293,1545,537,689,471,673,711,580,1118,644,433,696,858,296,1302,1142,824,1762,620,1098,855,1038,1647,332,415,3707,1084,1075,569,669,501,715,541,335,436,698,951,350,949,618,865,822,1446,339,811,915,1675,574,1270,96,611,819,783,519,389,567,655,314,1021,503,245,557,600,852,2897,1060,762,596,526,688,424,1091,980,615,537,609,418,1305,478,1257,651,1562,504,2227,1600,566,514,742,576,907,1462,1261,528,520,1566,980,489,1563,1144,476,441,1365,798,826,715,1642,397,1080,455,781,563,361,1426,389,312,303,1135,442,584,1668,664,1194,384,1287,545,492,699,1916,1468,457,711,1181,891,736,1452,1402,2087,1606,1327,627,1546,848,885,714,415,578,179,1378,1167,666,1273,369,861,1131,830,777,600,1623,327,566,1028,467,509,1322,1212,340,230,1002,100,276,163,831,1491,501,1043,390,755,1034,2337,530,759,1426,661,1585,1156,625,578,871,1384,1228,377,967,649,2028,805,335,475,447,676,530,1514,456,666,1357,1171,1133,770,2125,157,494,974,137,1301,1203,209,787,751,714,758,3090,2085,927,839,1508,2127,352,442,464,588,628,1703,179,548,770,2425,1251,646,2268,363,1906,718,433,475,1243,343,527,824,468,724,416,1063,644,565,667,938,1103,554,341,487,2796,717,341,756,452,367,1190,474,1000,1011,303,987,599,557,1601,943,526,1446,706,432,648,986,392,387,494,70,2275,870,360,557,566,930,975,168,192,637,571,369,861,469,2800,565,1160,1043,770,1029,2215,1275,261,820,688,967,222,535,630,213,720,1895,480,1765,559,495,1260,1585,668,2242,361,416,332,587,654,414,192,531,737,1194,751,652,572,1131,295,315,2042,2617,536,758,317,388,571,1063,463,592,583,308,1859,424,443,430,1185,1088,475,1092,708,829,508,2225,1520,863,482,841,441,754,3486,950,817,458,97,596,697,558,1316,433,615,592,481,827,360,377,864,1580,515,555,257,1975,297,1208,870,1302,1264,456,1476,538,879,239,783,439,528,415,1433,646,331,350,339,296,1321,449,610,592,438,1162,938,1114,336,591,586,241,970,890,683,1096,351,354,1687,1079,684,549,879,1454,253,460,376,661,504,1037,341,459,907,994,963,915,746,970,538,314,461,533,1429,1834,1562,440,697,478,2897,382,588,461,920,315,896,592,668,335,1390,491,18,1501,463,514,690,2137,1897,427,702,1008,598,268,1700,440,877,652,899,674,588,1255,756,165,753,389,837,1227,401,915,545,980,463,546,663,3332,1153,1305,859,570,1336,1539,310,545,544,769,828,1159,470,180,909,610,421,661,770,472,344,301,711,498,1650,510,928,998,492,1661,879,525,752,995,372,384,1005,1309,827,374,1113,1290,939,804,463,673,275,1349,723,870,854,1239,43,1472,492,2548,446,652,330,709,1105,868,1316,1314,1325,1597,457,1626,1231,530,528,765,1042,154,268,717,1196,2551,1126,1019,29,420,400,81,726,307,831,607,1673,279,560,858,649,365,740,398,1778,641,1665,913,1326,456,1276,138,2371,624,1242,550,776,1200,470,386,596,477,786,341,3710,611,1632,943,774,910,329,1274,422,655,299,869,847,825,496,513,1198,27,1369,384,650,1538,3180,815,849,1737,784,843,283,630,336,540,1189,640,500,377,1471,483,1446,1219,359,2084,708,2071,616,2709,1465,282,918,1033,584,509,1359,893,1633,1643,3485,551,1469,720,1150,984,944,633,1606,664,711,406,805,1603,686,626,1407,1614,1022,1735,522,1043,2086,685,768,451,538,967,501,703,1691,306,257,415,866,682,600,818,849,633,470,247,653,505,250,1081,1318,603,241,637,3378,549,636,677,1209,1308,1462,157,131,601,1687,738,812,3275,564,1140,299,655,725,1000,1041,726,1818,1262,2998,793,1143,819,665,139,1116,952,742,2159,504,1607,404,393,412,467,888,1879,911,490,1235,1925,855,1517,882,1006,798,487,351,627,554,642,790,819,1474,629,380,157,825,781,770,1879,368,620,921,2004,747,443,2022,909,1979,960,1043,1116,672,832,817,322,716,942,408,377,398,1069,810,1453,1837,761,1107,579,148,933,727,999,925,2720,392,1630,1580,175,1113,748,2590,427,491,2122,1132,613,461,561,1138,839,439,488,369,1078,1406,606,406,1209,1529,315,1032,1190,717,798,1038,3064,1040,568,240,507,1277,520,581,1496,399,1019,828,653,905,575,370,2296,645,693,729,345,998,467,643,744,751,480,432,2309,1714,1118,735,448,1201,697,971,5392,764,479,928,1104,819,881,623,2870,389,726,840,909,138,271,556,550,660,1436,729,754,672,394,1238,1472,585,1225,434,561,398,573,1350,605,955,950,50,43,694,1167,795,1082,1011,1440,240,217,1685,663,196,993,1041,1184,1343,433,557,581,657,557,294,224,793,1535,1792,946,1887,908,1034,469,961,895,663,87,1035,1414,457,510,1706,2130,518,378,783,360,1042,1062,950,933,66,217,924,1316,1293,1224,287,624,1081,1046,773,568,404,863,27,727,344,988,1270,615,1898,743,945,1203,402,1705,632,630,815,2448,793,454,739,1774,1857,685,495,1061,1805,439,390,575,909,591,828,1011,593,875,1649,1428,482,499,1023,718,1216,604,329,748,674,371,968,462,358,959,749,825,986,436,408,988,1284,562,547,446,743,1231,1872,320,949,2482,2054,1230,650,331,652,1344,502,401,949,701,1072,524,509,725,636,974,750,251,997,1262,630,913,805,581,442,759,481,1246,388,678,648,1615,607,1195,1519,610,2329,2713,831,1144,611,1224,353,654,384,462,851,475,695,728,927,2380,721,916,2047,264,373,1248,925,485,523,1582,1138,811,952,443,1226,1036,822,1714,3034,626,559,330,1945,1661,1146,703,773,569,480,1025,1141,276,478,114,174,687,1049,1648,932,407,1895,1010,1285,468,1628,594,471,304,1189,3142,1389,811,877,1088,486,688,572,812,1186,1892,840,1006,1530,445,3,265,1520,275,499,1290,637,1407,1202,824,857,1105,1309,784,1932,969,752,579,831,585,1193,417,790,1223,569,1109,317,423,1357,2402,992,1243,668,170,1716,1120,267,807,45,1339,460,762,644,753,982,2629,1006,1256,1217,682,196,1581,1320,983,598,1169,1057,713,450,3382,804,436,522,502,3300,755,825,759,1285,671,3635,1221,1296,1010,383,817,1337,461,326,413,714,331,633,2101,367,852,425,426,838,897,908,524,692,446,1004,1007,1766,970,439,1490,1303,1598,503,488,1329,366,487,1036,484,1030,586,548,1256,496,371,225,1168,936,2249,424,390,1025,984,535,1974,742,274,980,654,613,1241,872,472,1056,451,1335,1067,286,550,1593,1122,1150,505,906,555,281,1824,335,513,846,1383,322,400,358,879,1737,983,448,963,677,942,580,1005,819,1780,532,371,649,336,435,767,1182,479,1145,1306,501,416,989,196,928,421,555,382,990,1444,1231,1051,993,2712,788,617,749,730,1463,1102,638,1936,362,404,655,814,1890,544,767,658,589,571,294,683,302,761,421,1166,590,2142,1239,2671,663,650,380,828,277,533,953,502,585,349,453,1047,654,654,440,1064,1152,781,1485,1279,739,55,559,363,444,1969,1539,362,566,821,3050,1040,701,367,519,1027,694,868,1318,1401,1106,272,181,327,1074,819,23,1887,650,827,519,945,1290,803,305,316,576,836,439,532,808,1087,399,67,1059,265,552,383,473,1240,631,707,871,1863,514,433,738,1206,471,379,902,220,349,1587,410,1054,598,607,1287,1023,1015,712,1018,533,624,328,548,173,1024,1430,1466,911,644,394,663,3519,1249,635,805,2199,1395,1079,1001,2475,329,402,377,387,995,1218,367,973,424,1874,679,1689,1603,1084,963,474,741,1885,1679,1080,424,30,721,997,549,1409,949,174,295,468,461,675,477,512,656,467,1871,20,860,521,2035,1151,396,373,929,1146,317,1830,858,638,1041,1090,2311,1848,1043,2048,227,951,335,496,1012,265,1122,527,895,417,1080,1213,619,722,466,1145,856,327,548,1024,553,647,807,1003,894,316,730,100,531,494,1025,344,382,1246,545,507,563,637,677,677,415,560,874,1419,773,342,152,1321,1812,362,632,667,1167,399,571,537,601,609,330,375,1456,100,371,671,680,416,1204,776,449,526,2426,1435,379,550,435,548,1008,1769,865,365,1252,667,1004,716,1595,503,476,911,637,775,334,376,344,1136,592,2985,629,932,530,560,393,867,607,1219,452,5306,873,589,643,443,402,644,908,1242,612,1557,5712,1414,1034,505,1406,640,687,1003,1188,417,1414,414,649,573,842,439,626,886,452,672,1052,834,857,1575,558,760,618,763,429,1195,845,1573,622,463,922,438,415,764,802,459,455,372,329,915,564,564,737,2166,644,1322,355,1446,1668,481,1593,3179,914,755,633,719,921,2140,1757,2392,472,51,710,541,438,841,278,441,862,1474,850,1134,713,1606,392,599,1475,1126,1534,1327,327,345,431,1041,372,1548,799,427,290,1588,700,1290,426,613,2068,2175,581,333,839,373,991,912,323,1109,784,781,747,537,984,389,676,583,509,253,757,1065,286,1223,3704,498,569,899,701,992,382,822,335,1053,699,543,468,1092,361,461,331,882,306,916,669,793,1165,490,687,405,1712,1134,655,1314,592,1731,1388,236,584,91,390,440,1128,247,601,1006,504,382,629
